pattern	0+	5+	10+	15+	20+	25+	30+	35+	40+	45+	50+	55+	60+
TaxiPickup---TaxiDropoff	6914	14161	9555	6265	4022	2188	964	769	240	166	44	10	0
TaxiStay---TaxiPickup	22516	11582	4126	1080	255	55	0	0	0	0	0	0	0
home---taxi interaction	12809	3818	1787	1221	1014	547	301	275	250	227	154	131	115
home---work	10	21	24	14	15	4	6	6	0	0	0	0	3
taxi interaction---home	12809	3818	1787	1221	1014	547	301	275	250	227	154	131	115
taxi interaction---taxi interaction	265	4963	10187	9544	7280	5456	3644	1830	1124	510	279	144	72
taxi interaction---work	8428	6182	2576	1454	721	471	268	387	395	230	172	126	1239
work---home	10	21	24	14	15	4	6	6	0	0	0	0	3
work---taxi interaction	8428	6182	2576	1454	721	471	268	387	395	230	172	126	1239

average trip duration: 765.4350533002732 seconds = 00:12:45
