Passenger Wait Time [min]
hour	0.00+	2.50+	5.00+	7.50+	10.00+	12.50+	15.00+	17.50+	20.00+	22.50+	25.00+	27.50+	30.00+	32.50+	35.00+	37.50+	40.00+	42.50+	45.00+	47.50+	50.00+	52.50+	55.00+	57.50+	60.00+
0	0	0	0	0	0	0	0	0	0	0	0	0	0	0	0	0	0	0	0	0	0	0	0	0	0
1	0	0	0	0	0	0	0	0	0	0	0	0	0	0	0	0	0	0	0	0	0	0	0	0	0
2	0	0	0	0	0	0	0	0	0	0	0	0	0	0	0	0	0	0	0	0	0	0	0	0	0
3	0	0	0	0	0	0	0	0	0	0	0	0	0	0	0	0	0	0	0	0	0	0	0	0	0
4	0	0	0	0	0	0	0	0	0	0	0	0	0	0	0	0	0	0	0	0	0	0	0	0	0
5	0	0	0	0	0	0	0	0	0	0	0	0	0	0	0	0	0	0	0	0	0	0	0	0	0
6	3625	398	152	87	9	1	0	2	0	0	0	0	0	0	0	0	0	0	0	0	0	0	0	0	0
7	2931	2881	1976	1374	789	528	276	99	42	37	29	2	0	0	0	0	0	0	0	0	0	0	0	0	0
8	1349	1798	1414	942	620	494	321	145	54	26	7	0	0	0	0	0	0	0	0	0	0	0	0	0	0
9	65	82	25	51	7	7	0	0	0	0	0	0	0	0	0	0	0	0	0	0	0	0	0	0	0
10	0	0	2	0	1	1	0	0	0	0	0	0	0	0	0	0	0	0	0	0	0	0	0	0	0
11	0	0	0	0	0	0	0	0	0	0	0	0	0	0	0	0	0	0	0	0	0	0	0	0	0
12	0	0	0	0	0	0	0	0	0	0	0	0	0	0	0	0	0	0	0	0	0	0	0	0	0
13	38	1	0	0	0	0	0	0	0	0	0	0	0	0	0	0	0	0	0	0	0	0	0	0	0
14	3584	325	69	24	7	0	0	0	0	0	0	0	0	0	0	0	0	0	0	0	0	0	0	0	0
15	3416	3234	1895	827	605	219	73	19	13	38	1	0	0	0	0	0	0	0	0	0	0	0	0	0	0
16	1834	2084	1485	699	549	243	122	19	7	40	16	0	0	0	0	0	0	0	0	0	0	0	0	0	0
17	253	227	316	150	54	10	3	0	0	0	0	0	0	0	0	0	0	0	0	0	0	0	0	0	0
18	1	18	72	38	3	1	0	0	1	2	0	0	0	0	0	0	0	0	0	0	0	0	0	0	0
19	0	0	7	3	0	0	0	0	0	0	0	0	0	0	0	0	0	0	0	0	0	0	0	0	0
20	0	0	3	1	0	0	0	0	0	0	0	0	0	0	0	0	0	0	0	0	0	0	0	0	0
21	0	0	0	0	0	0	0	0	0	0	0	0	0	0	0	0	0	0	0	0	0	0	0	0	0
22	0	0	0	0	0	0	0	0	0	0	0	0	0	0	0	0	0	0	0	0	0	0	0	0	0
23	0	0	0	0	0	0	0	0	0	0	0	0	0	0	0	0	0	0	0	0	0	0	0	0	0
daily	17096	11048	7416	4196	2644	1504	795	284	117	143	53	2	0	0	0	0	0	0	0	0	0	0	0	0	0

Vehicle Empty Drive Ratio
hour	0.00+	0.05+	0.10+	0.15+	0.20+	0.25+	0.30+	0.35+	0.40+	0.45+	0.50+	0.55+	0.60+	0.65+	0.70+	0.75+	0.80+	0.85+	0.90+	0.95+
0	0	0	0	0	0	0	0	0	0	0	0	0	0	0	0	0	0	0	0	0
1	0	0	0	0	0	0	0	0	0	0	0	0	0	0	0	0	0	0	0	0
2	0	0	0	0	0	0	0	0	0	0	0	0	0	0	0	0	0	0	0	0
3	0	0	0	0	0	0	0	0	0	0	0	0	0	0	0	0	0	0	0	0
4	0	0	0	0	0	0	0	0	0	0	0	0	0	0	0	0	0	0	0	0
5	0	0	0	0	0	0	0	0	0	0	0	0	0	0	0	0	0	0	0	0
6	1181	391	368	246	201	147	100	78	48	41	35	19	23	27	7	11	10	7	6	302
7	302	264	362	467	503	527	539	529	409	313	241	166	109	79	39	20	20	14	14	60
8	341	188	303	424	482	565	589	566	428	372	233	138	81	53	34	11	4	0	1	3
9	932	26	40	32	29	33	28	18	14	12	14	6	3	5	5	0	2	0	1	0
10	13	1	0	0	1	0	0	1	1	0	0	1	0	0	1	1	1	0	0	0
11	0	0	0	0	0	0	0	0	0	0	0	0	0	0	0	0	0	0	0	0
12	0	0	0	0	0	0	0	0	0	0	0	0	0	0	0	0	0	0	0	0
13	21	1	2	1	1	0	0	0	1	0	1	1	0	0	0	0	0	0	0	2
14	1535	342	281	197	150	104	68	60	38	22	17	15	15	13	10	2	3	1	1	147
15	429	242	355	465	531	585	518	447	319	226	152	82	62	36	22	10	9	7	10	62
16	558	189	344	470	527	608	522	425	312	151	98	46	22	15	4	4	3	2	2	9
17	1085	81	107	89	116	87	96	65	60	38	24	13	10	10	2	2	1	1	6	7
18	132	2	8	14	18	16	9	13	11	10	4	7	2	2	1	0	0	0	0	0
19	13	0	0	0	0	1	3	2	3	1	0	0	0	0	0	0	0	0	0	0
20	2	0	0	0	0	1	0	2	0	1	0	0	0	0	0	0	0	0	0	0
21	0	0	0	0	0	0	0	0	0	0	0	0	0	0	0	0	0	0	0	0
22	0	0	0	0	0	0	0	0	0	0	0	0	0	0	0	0	0	0	0	0
23	0	0	0	0	0	0	0	0	0	0	0	0	0	0	0	0	0	0	0	0
daily	15	64	195	567	1113	1384	1128	421	92	18	3	0	0	0	0	0	0	0	0	0

Vehicle Wait Ratio
hour	0.00+	0.05+	0.10+	0.15+	0.20+	0.25+	0.30+	0.35+	0.40+	0.45+	0.50+	0.55+	0.60+	0.65+	0.70+	0.75+	0.80+	0.85+	0.90+	0.95+
0	0	0	0	0	0	0	0	0	0	0	0	0	0	0	0	0	0	0	0	5000
1	0	0	0	0	0	0	0	0	0	0	0	0	0	0	0	0	0	0	0	5000
2	0	0	0	0	0	0	0	0	0	0	0	0	0	0	0	0	0	0	0	5000
3	0	0	0	0	0	0	0	0	0	0	0	0	0	0	0	0	0	0	0	5000
4	0	0	0	0	0	0	0	0	0	0	0	0	0	0	0	0	0	0	0	5000
5	0	0	0	0	0	0	0	0	0	0	0	0	0	0	0	0	0	0	0	5000
6	0	1	1	0	2	3	11	24	34	49	98	149	204	352	357	513	462	445	335	1960
7	773	409	350	353	340	405	378	306	314	261	203	200	203	160	112	102	70	31	4	26
8	765	415	430	456	427	442	415	287	281	249	193	125	91	51	43	49	34	18	29	200
9	2	2	4	2	5	2	11	21	20	30	50	49	63	80	103	133	123	189	174	3937
10	0	0	0	0	0	0	0	1	0	1	0	1	1	4	1	2	1	6	2	4980
11	0	0	0	0	0	0	0	0	0	0	0	0	0	0	0	0	0	0	0	5000
12	0	0	0	0	0	0	0	0	0	0	0	0	0	0	0	0	0	0	0	5000
13	0	0	0	0	0	0	0	0	0	0	0	0	0	1	0	1	3	7	10	4978
14	0	0	3	1	3	10	14	25	36	63	107	154	245	269	353	437	412	417	332	2119
15	566	290	347	328	329	324	352	267	291	239	249	223	192	147	122	109	67	67	42	449
16	937	450	333	256	241	246	232	249	199	179	167	134	151	103	109	81	87	59	69	718
17	67	30	29	23	32	37	45	65	63	88	83	118	109	122	129	168	196	186	175	3235
18	6	4	6	3	8	7	11	15	8	13	9	10	15	18	24	21	23	18	19	4762
19	0	0	0	0	1	0	0	0	0	0	1	0	5	4	2	1	4	2	2	4978
20	0	0	0	0	0	0	0	0	0	0	1	0	2	1	1	0	0	0	0	4995
21	0	0	0	0	0	0	0	0	0	0	0	0	0	0	0	0	0	0	0	5000
22	0	0	0	0	0	0	0	0	0	0	0	0	0	0	0	0	0	0	0	5000
23	0	0	0	0	0	0	0	0	0	0	0	0	0	0	0	0	0	0	0	5000
daily	0	0	0	0	0	0	0	0	0	0	0	0	0	0	0	67	1216	2818	880	19

Vehicle Wait Ratio Counts
hour	0.00+	0.01+	0.25+	0.50+	0.75+	1.00+
0	0	0	0	0	0	5000
1	0	0	0	0	0	5000
2	0	0	0	0	0	5000
3	0	0	0	0	0	5000
4	0	0	0	0	0	5000
5	0	0	0	0	0	5000
6	0	4	121	1160	2007	1708
7	321	1904	1664	878	210	23
8	363	2130	1674	503	152	178
9	1	14	84	345	839	3717
10	0	0	2	7	12	4979
11	0	0	0	0	0	5000
12	0	0	0	0	0	5000
13	0	0	0	1	38	4961
14	0	7	148	1128	1825	1892
15	170	1690	1473	933	316	418
16	305	1912	1105	664	345	669
17	18	163	298	561	923	3037
18	2	25	54	76	98	4745
19	0	1	0	12	12	4975
20	0	0	0	5	1	4994
21	0	0	0	0	0	5000
22	0	0	0	0	0	5000
23	0	0	0	0	0	5000
daily	0	0	0	0	5000	0

