Passenger Wait Time [s]
hour	n	avg	sd		min	2%ile	5%ile	25%ile	50%ile	75%ile	95%ile	98%ile	max
0	0	NaN	NaN		NaN	NaN	NaN	NaN	NaN	NaN	NaN	NaN	NaN
1	0	NaN	NaN		NaN	NaN	NaN	NaN	NaN	NaN	NaN	NaN	NaN
2	0	NaN	NaN		NaN	NaN	NaN	NaN	NaN	NaN	NaN	NaN	NaN
3	0	NaN	NaN		NaN	NaN	NaN	NaN	NaN	NaN	NaN	NaN	NaN
4	0	NaN	NaN		NaN	NaN	NaN	NaN	NaN	NaN	NaN	NaN	NaN
5	0	NaN	NaN		NaN	NaN	NaN	NaN	NaN	NaN	NaN	NaN	NaN
6	4274	81.3	110.4		2	2	2	2	46	108	330	461	1141
7	10964	344.5	273.4		2	2	2	139	282	488	876	1043	1741
8	7170	408.3	291.5		2	2	52	184	343	578	981	1131	1583
9	237	277.3	202.0		2	2	2	117	217	486	627	803	834
10	4	607.8	191.9		443	443	443	443	593	788	803	803	803
11	0	NaN	NaN		NaN	NaN	NaN	NaN	NaN	NaN	NaN	NaN	NaN
12	0	NaN	NaN		NaN	NaN	NaN	NaN	NaN	NaN	NaN	NaN	NaN
13	39	17.7	39.9		2	2	2	2	2	18	101	219	219
14	4009	57.5	84.3		2	2	2	2	21	89	217	316	711
15	10340	270.4	223.5		2	2	2	114	222	376	696	822	1585
16	7098	326.0	251.0		2	2	2	146	265	436	792	950	1611
17	1013	310.1	198.6		2	2	2	150	341	423	640	720	929
18	136	448.7	172.7		2	258	258	376	423	526	704	1346	1360
19	10	435.9	27.6		382	382	382	425	440	464	464	464	464
20	4	428.3	34.5		381	381	381	394	434	457	464	464	464
21	0	NaN	NaN		NaN	NaN	NaN	NaN	NaN	NaN	NaN	NaN	NaN
22	0	NaN	NaN		NaN	NaN	NaN	NaN	NaN	NaN	NaN	NaN	NaN
23	0	NaN	NaN		NaN	NaN	NaN	NaN	NaN	NaN	NaN	NaN	NaN
daily	45298	283.5	260.8		2	2	2	88	215	415	803	976	1741

Vehicle Empty Drive Ratio
hour	fleetAvg	avg	sd		min	2%ile	5%ile	25%ile	50%ile	75%ile	95%ile	98%ile	max
0	NaN	NaN	NaN		NaN	NaN	NaN	NaN	NaN	NaN	NaN	NaN	NaN
1	NaN	NaN	NaN		NaN	NaN	NaN	NaN	NaN	NaN	NaN	NaN	NaN
2	NaN	NaN	NaN		NaN	NaN	NaN	NaN	NaN	NaN	NaN	NaN	NaN
3	NaN	NaN	NaN		NaN	NaN	NaN	NaN	NaN	NaN	NaN	NaN	NaN
4	NaN	NaN	NaN		NaN	NaN	NaN	NaN	NaN	NaN	NaN	NaN	NaN
5	NaN	NaN	NaN		NaN	NaN	NaN	NaN	NaN	NaN	NaN	NaN	NaN
6	0.1382	0.2187	0.2970		0.000	0.000	0.000	0.004	0.106	0.262	1.000	1.000	1.000
7	0.3097	0.3197	0.1911		0.000	0.000	0.027	0.183	0.305	0.429	0.649	0.834	1.000
8	0.3097	0.3078	0.1630		0.000	0.000	0.009	0.195	0.308	0.416	0.578	0.654	1.000
9	0.0936	0.0654	0.1459		0.000	0.000	0.000	0.000	0.000	0.000	0.413	0.546	0.931
10	0.2655	0.1897	0.2952		0.000	0.000	0.000	0.000	0.000	0.393	0.808	0.813	0.813
11	NaN	NaN	NaN		NaN	NaN	NaN	NaN	NaN	NaN	NaN	NaN	NaN
12	NaN	NaN	NaN		NaN	NaN	NaN	NaN	NaN	NaN	NaN	NaN	NaN
13	0.0852	0.1388	0.2794		0.000	0.000	0.000	0.000	0.000	0.138	1.000	1.000	1.000
14	0.0961	0.1425	0.2385		0.000	0.000	0.000	0.000	0.047	0.175	0.802	1.000	1.000
15	0.2748	0.2853	0.1840		0.000	0.000	0.000	0.162	0.273	0.383	0.592	0.793	1.000
16	0.2698	0.2511	0.1539		0.000	0.000	0.000	0.148	0.255	0.351	0.495	0.568	1.000
17	0.1801	0.1239	0.1805		0.000	0.000	0.000	0.000	0.000	0.226	0.469	0.603	1.000
18	0.2133	0.1561	0.1933		0.000	0.000	0.000	0.000	0.000	0.296	0.545	0.605	0.706
19	0.2321	0.1640	0.1954		0.000	0.000	0.000	0.000	0.000	0.371	0.459	0.462	0.462
20	0.2938	0.2468	0.2010		0.000	0.000	0.000	0.000	0.313	0.408	0.467	0.467	0.467
21	NaN	NaN	NaN		NaN	NaN	NaN	NaN	NaN	NaN	NaN	NaN	NaN
22	NaN	NaN	NaN		NaN	NaN	NaN	NaN	NaN	NaN	NaN	NaN	NaN
23	NaN	NaN	NaN		NaN	NaN	NaN	NaN	NaN	NaN	NaN	NaN	NaN
daily	0.2678	0.2664	0.0705		0.000	0.109	0.146	0.221	0.270	0.315	0.375	0.404	0.509

Vehicle Wait Ratio
hour	fleetAvg	avg	sd		min	2%ile	5%ile	25%ile	50%ile	75%ile	95%ile	98%ile	max
0	1.0000	1.0000	0.0000		1.000	1.000	1.000	1.000	1.000	1.000	1.000	1.000	1.000
1	1.0000	1.0000	0.0000		1.000	1.000	1.000	1.000	1.000	1.000	1.000	1.000	1.000
2	1.0000	1.0000	0.0000		1.000	1.000	1.000	1.000	1.000	1.000	1.000	1.000	1.000
3	1.0000	1.0000	0.0000		1.000	1.000	1.000	1.000	1.000	1.000	1.000	1.000	1.000
4	1.0000	1.0000	0.0000		1.000	1.000	1.000	1.000	1.000	1.000	1.000	1.000	1.000
5	1.0000	1.0000	0.0000		1.000	1.000	1.000	1.000	1.000	1.000	1.000	1.000	1.000
6	0.8491	0.8491	0.1549		0.090	0.481	0.559	0.746	0.876	1.000	1.000	1.000	1.000
7	0.3124	0.3124	0.2328		0.000	0.003	0.007	0.110	0.285	0.473	0.746	0.814	1.000
8	0.2952	0.2952	0.2443		0.000	0.001	0.005	0.108	0.251	0.419	0.842	1.000	1.000
9	0.9446	0.9446	0.1299		0.001	0.500	0.642	0.993	1.000	1.000	1.000	1.000	1.000
10	0.9990	0.9990	0.0183		0.397	1.000	1.000	1.000	1.000	1.000	1.000	1.000	1.000
11	1.0000	1.0000	0.0000		1.000	1.000	1.000	1.000	1.000	1.000	1.000	1.000	1.000
12	1.0000	1.0000	0.0000		1.000	1.000	1.000	1.000	1.000	1.000	1.000	1.000	1.000
13	0.9994	0.9994	0.0091		0.694	1.000	1.000	1.000	1.000	1.000	1.000	1.000	1.000
14	0.8527	0.8527	0.1619		0.118	0.456	0.543	0.745	0.892	1.000	1.000	1.000	1.000
15	0.3998	0.3998	0.2947		0.000	0.006	0.016	0.158	0.346	0.589	1.000	1.000	1.000
16	0.3942	0.3942	0.3426		0.000	0.004	0.008	0.083	0.308	0.640	1.000	1.000	1.000
17	0.8680	0.8680	0.2306		0.000	0.104	0.336	0.813	1.000	1.000	1.000	1.000	1.000
18	0.9807	0.9807	0.1015		0.001	0.596	0.990	1.000	1.000	1.000	1.000	1.000	1.000
19	0.9987	0.9987	0.0214		0.211	1.000	1.000	1.000	1.000	1.000	1.000	1.000	1.000
20	0.9996	0.9996	0.0117		0.511	1.000	1.000	1.000	1.000	1.000	1.000	1.000	1.000
21	1.0000	1.0000	0.0000		1.000	1.000	1.000	1.000	1.000	1.000	1.000	1.000	1.000
22	1.0000	1.0000	0.0000		1.000	1.000	1.000	1.000	1.000	1.000	1.000	1.000	1.000
23	1.0000	1.0000	0.0000		1.000	1.000	1.000	1.000	1.000	1.000	1.000	1.000	1.000
daily	0.8706	0.8706	0.0316		0.755	0.805	0.818	0.849	0.870	0.893	0.922	0.934	0.968

Total duration of tasks by type [h]
hour	EMPTY_DRIVE	PICKUP	OCCUPIED_DRIVE	DROPOFF	STAY	all
0	0.00	0.00	0.00	0.00	5000.00	5000.00
1	0.00	0.00	0.00	0.00	5000.00	5000.00
2	0.00	0.00	0.00	0.00	5000.00	5000.00
3	0.00	0.00	0.00	0.00	5000.00	5000.00
4	0.00	0.00	0.00	0.00	5000.00	5000.00
5	0.00	0.00	0.00	0.00	5000.00	5000.00
6	82.64	125.45	515.47	30.97	4245.47	5000.00
7	915.29	326.39	2040.04	156.49	1561.78	5000.00
8	949.25	291.29	2115.77	167.48	1476.22	5000.00
9	22.79	11.57	220.67	22.20	4722.77	5000.00
10	1.19	0.27	3.30	0.35	4994.89	5000.00
11	0.00	0.00	0.00	0.00	5000.00	5000.00
12	0.00	0.00	0.00	0.00	5000.00	5000.00
13	0.17	1.06	1.82	0.07	4996.88	5000.00
14	55.56	122.42	522.61	35.71	4263.70	5000.00
15	698.52	314.52	1843.83	143.97	1999.16	5000.00
16	704.11	267.54	1905.80	151.60	1970.95	5000.00
17	103.83	43.26	472.76	40.37	4339.78	5000.00
18	18.23	5.66	67.25	5.25	4903.61	5000.00
19	1.29	0.37	4.28	0.42	4993.65	5000.00
20	0.47	0.13	1.14	0.10	4998.15	5000.00
21	0.00	0.00	0.00	0.00	5000.00	5000.00
22	0.00	0.00	0.00	0.00	5000.00	5000.00
23	0.00	0.00	0.00	0.00	5000.00	5000.00
daily	3553.35	1509.93	9714.74	754.97	104467.02	120000.00

