time	STAY	0 pax	1 pax	2 pax	3 pax	4 pax	5 pax	6 pax	7 pax	8 pax
00:00	200.0	0.0	0.0	0.0	0.0	0.0	0.0	0.0	0.0	0.0
00:05	200.0	0.0	0.0	0.0	0.0	0.0	0.0	0.0	0.0	0.0
00:10	200.0	0.0	0.0	0.0	0.0	0.0	0.0	0.0	0.0	0.0
00:15	200.0	0.0	0.0	0.0	0.0	0.0	0.0	0.0	0.0	0.0
00:20	200.0	0.0	0.0	0.0	0.0	0.0	0.0	0.0	0.0	0.0
00:25	200.0	0.0	0.0	0.0	0.0	0.0	0.0	0.0	0.0	0.0
00:30	200.0	0.0	0.0	0.0	0.0	0.0	0.0	0.0	0.0	0.0
00:35	200.0	0.0	0.0	0.0	0.0	0.0	0.0	0.0	0.0	0.0
00:40	200.0	0.0	0.0	0.0	0.0	0.0	0.0	0.0	0.0	0.0
00:45	200.0	0.0	0.0	0.0	0.0	0.0	0.0	0.0	0.0	0.0
00:50	200.0	0.0	0.0	0.0	0.0	0.0	0.0	0.0	0.0	0.0
00:55	200.0	0.0	0.0	0.0	0.0	0.0	0.0	0.0	0.0	0.0
01:00	200.0	0.0	0.0	0.0	0.0	0.0	0.0	0.0	0.0	0.0
01:05	200.0	0.0	0.0	0.0	0.0	0.0	0.0	0.0	0.0	0.0
01:10	200.0	0.0	0.0	0.0	0.0	0.0	0.0	0.0	0.0	0.0
01:15	200.0	0.0	0.0	0.0	0.0	0.0	0.0	0.0	0.0	0.0
01:20	200.0	0.0	0.0	0.0	0.0	0.0	0.0	0.0	0.0	0.0
01:25	200.0	0.0	0.0	0.0	0.0	0.0	0.0	0.0	0.0	0.0
01:30	200.0	0.0	0.0	0.0	0.0	0.0	0.0	0.0	0.0	0.0
01:35	200.0	0.0	0.0	0.0	0.0	0.0	0.0	0.0	0.0	0.0
01:40	200.0	0.0	0.0	0.0	0.0	0.0	0.0	0.0	0.0	0.0
01:45	200.0	0.0	0.0	0.0	0.0	0.0	0.0	0.0	0.0	0.0
01:50	200.0	0.0	0.0	0.0	0.0	0.0	0.0	0.0	0.0	0.0
01:55	200.0	0.0	0.0	0.0	0.0	0.0	0.0	0.0	0.0	0.0
02:00	200.0	0.0	0.0	0.0	0.0	0.0	0.0	0.0	0.0	0.0
02:05	200.0	0.0	0.0	0.0	0.0	0.0	0.0	0.0	0.0	0.0
02:10	200.0	0.0	0.0	0.0	0.0	0.0	0.0	0.0	0.0	0.0
02:15	200.0	0.0	0.0	0.0	0.0	0.0	0.0	0.0	0.0	0.0
02:20	200.0	0.0	0.0	0.0	0.0	0.0	0.0	0.0	0.0	0.0
02:25	200.0	0.0	0.0	0.0	0.0	0.0	0.0	0.0	0.0	0.0
02:30	200.0	0.0	0.0	0.0	0.0	0.0	0.0	0.0	0.0	0.0
02:35	200.0	0.0	0.0	0.0	0.0	0.0	0.0	0.0	0.0	0.0
02:40	200.0	0.0	0.0	0.0	0.0	0.0	0.0	0.0	0.0	0.0
02:45	200.0	0.0	0.0	0.0	0.0	0.0	0.0	0.0	0.0	0.0
02:50	200.0	0.0	0.0	0.0	0.0	0.0	0.0	0.0	0.0	0.0
02:55	200.0	0.0	0.0	0.0	0.0	0.0	0.0	0.0	0.0	0.0
03:00	200.0	0.0	0.0	0.0	0.0	0.0	0.0	0.0	0.0	0.0
03:05	200.0	0.0	0.0	0.0	0.0	0.0	0.0	0.0	0.0	0.0
03:10	200.0	0.0	0.0	0.0	0.0	0.0	0.0	0.0	0.0	0.0
03:15	200.0	0.0	0.0	0.0	0.0	0.0	0.0	0.0	0.0	0.0
03:20	200.0	0.0	0.0	0.0	0.0	0.0	0.0	0.0	0.0	0.0
03:25	200.0	0.0	0.0	0.0	0.0	0.0	0.0	0.0	0.0	0.0
03:30	200.0	0.0	0.0	0.0	0.0	0.0	0.0	0.0	0.0	0.0
03:35	200.0	0.0	0.0	0.0	0.0	0.0	0.0	0.0	0.0	0.0
03:40	200.0	0.0	0.0	0.0	0.0	0.0	0.0	0.0	0.0	0.0
03:45	200.0	0.0	0.0	0.0	0.0	0.0	0.0	0.0	0.0	0.0
03:50	200.0	0.0	0.0	0.0	0.0	0.0	0.0	0.0	0.0	0.0
03:55	200.0	0.0	0.0	0.0	0.0	0.0	0.0	0.0	0.0	0.0
04:00	200.0	0.0	0.0	0.0	0.0	0.0	0.0	0.0	0.0	0.0
04:05	200.0	0.0	0.0	0.0	0.0	0.0	0.0	0.0	0.0	0.0
04:10	200.0	0.0	0.0	0.0	0.0	0.0	0.0	0.0	0.0	0.0
04:15	200.0	0.0	0.0	0.0	0.0	0.0	0.0	0.0	0.0	0.0
04:20	200.0	0.0	0.0	0.0	0.0	0.0	0.0	0.0	0.0	0.0
04:25	200.0	0.0	0.0	0.0	0.0	0.0	0.0	0.0	0.0	0.0
04:30	200.0	0.0	0.0	0.0	0.0	0.0	0.0	0.0	0.0	0.0
04:35	200.0	0.0	0.0	0.0	0.0	0.0	0.0	0.0	0.0	0.0
04:40	200.0	0.0	0.0	0.0	0.0	0.0	0.0	0.0	0.0	0.0
04:45	200.0	0.0	0.0	0.0	0.0	0.0	0.0	0.0	0.0	0.0
04:50	200.0	0.0	0.0	0.0	0.0	0.0	0.0	0.0	0.0	0.0
04:55	200.0	0.0	0.0	0.0	0.0	0.0	0.0	0.0	0.0	0.0
05:00	200.0	0.0	0.0	0.0	0.0	0.0	0.0	0.0	0.0	0.0
05:05	200.0	0.0	0.0	0.0	0.0	0.0	0.0	0.0	0.0	0.0
05:10	200.0	0.0	0.0	0.0	0.0	0.0	0.0	0.0	0.0	0.0
05:15	199.68	0.32	0.0	0.0	0.0	0.0	0.0	0.0	0.0	0.0
05:20	199.0	0.8866666666666667	0.11333333333333333	0.0	0.0	0.0	0.0	0.0	0.0	0.0
05:25	199.0	0.0	1.0	0.0	0.0	0.0	0.0	0.0	0.0	0.0
05:30	198.80333333333334	0.82	0.37666666666666665	0.0	0.0	0.0	0.0	0.0	0.0	0.0
05:35	197.37666666666667	0.8533333333333334	1.77	0.0	0.0	0.0	0.0	0.0	0.0	0.0
05:40	196.09666666666666	0.8566666666666667	3.046666666666667	0.0	0.0	0.0	0.0	0.0	0.0	0.0
05:45	196.78666666666666	1.1833333333333333	2.03	0.0	0.0	0.0	0.0	0.0	0.0	0.0
05:50	192.96	2.6766666666666667	4.363333333333333	0.0	0.0	0.0	0.0	0.0	0.0	0.0
05:55	191.79333333333332	1.1533333333333333	6.373333333333333	0.68	0.0	0.0	0.0	0.0	0.0	0.0
06:00	190.58	2.07	6.09	1.26	0.0	0.0	0.0	0.0	0.0	0.0
06:05	188.82333333333332	3.33	5.876666666666667	1.46	0.51	0.0	0.0	0.0	0.0	0.0
06:10	187.32333333333332	3.816666666666667	5.616666666666666	2.2133333333333334	1.03	0.0	0.0	0.0	0.0	0.0
06:15	178.53666666666666	7.246666666666667	7.886666666666667	3.25	2.55	0.53	0.0	0.0	0.0	0.0
06:20	169.62	9.12	10.893333333333333	8.456666666666667	0.91	0.006666666666666667	0.9933333333333333	0.0	0.0	0.0
06:25	160.1	7.96	13.136666666666667	11.063333333333333	5.956666666666667	0.96	0.8233333333333334	0.0	0.0	0.0
06:30	146.94333333333333	11.6	16.493333333333332	10.29	10.67	3.3966666666666665	0.47333333333333333	0.13333333333333333	0.0	0.0
06:35	138.21	12.05	17.86	11.086666666666666	11.983333333333333	5.983333333333333	2.026666666666667	0.8	0.0	0.0
06:40	125.33666666666667	11.223333333333333	20.12	17.623333333333335	12.453333333333333	9.696666666666667	2.9066666666666667	0.64	0.0	0.0
06:45	112.18333333333334	14.923333333333334	19.92	22.67	15.45	11.64	3.0933333333333333	0.12	0.0	0.0
06:50	104.13666666666667	13.166666666666666	19.29	22.046666666666667	24.17	13.253333333333334	3.04	0.24	0.6566666666666666	0.0
06:55	95.65666666666667	12.216666666666667	19.74	27.516666666666666	26.96	12.306666666666667	4.586666666666667	0.11333333333333333	0.67	0.23333333333333334
07:00	87.90666666666667	12.266666666666667	25.703333333333333	30.666666666666668	24.763333333333332	13.023333333333333	4.593333333333334	0.44	0.6366666666666667	0.0
07:05	81.65	12.606666666666667	28.686666666666667	34.74666666666667	24.49	11.503333333333334	3.0766666666666667	1.1333333333333333	2.1066666666666665	0.0
07:10	75.29	13.816666666666666	32.29666666666667	40.276666666666664	21.23	12.91	2.3866666666666667	0.49333333333333335	1.3	0.0
07:15	71.90666666666667	13.923333333333334	30.656666666666666	43.07	26.55666666666667	10.676666666666666	1.93	1.28	0.0	0.0
07:20	68.86666666666666	10.683333333333334	35.5	40.27	31.656666666666666	9.046666666666667	3.7466666666666666	0.23	0.0	0.0
07:25	68.57666666666667	13.363333333333333	31.563333333333333	51.056666666666665	21.223333333333333	9.073333333333334	4.726666666666667	0.4166666666666667	0.0	0.0
07:30	69.04	7.383333333333334	34.913333333333334	46.96666666666667	26.926666666666666	11.176666666666666	2.46	0.73	0.4033333333333333	0.0
07:35	68.66666666666667	6.07	36.166666666666664	43.0	28.223333333333333	13.363333333333333	2.51	0.5133333333333333	1.4866666666666666	0.0
07:40	69.05	8.063333333333333	29.823333333333334	42.42666666666667	36.346666666666664	9.786666666666667	2.5033333333333334	1.0	0.4866666666666667	0.5133333333333333
07:45	67.67333333333333	11.323333333333334	34.88666666666666	48.14	24.316666666666666	7.843333333333334	4.11	0.7066666666666667	0.31333333333333335	0.6866666666666666
07:50	66.0	12.67	39.846666666666664	39.78	26.463333333333335	11.243333333333334	3.046666666666667	0.6766666666666666	0.2733333333333333	0.0
07:55	66.0	15.753333333333334	36.163333333333334	36.88666666666666	28.67	13.21	3.316666666666667	0.0	0.0	0.0
08:00	68.30333333333333	11.636666666666667	29.516666666666666	32.71333333333333	40.17	11.573333333333334	5.683333333333334	0.4033333333333333	0.0	0.0
08:05	69.39333333333333	8.99	32.39333333333333	41.71	29.936666666666667	11.84	5.1066666666666665	0.63	0.0	0.0
08:10	71.6	6.963333333333333	35.663333333333334	44.906666666666666	26.65	9.793333333333333	3.5866666666666664	0.8366666666666667	0.0	0.0
08:15	74.42666666666666	8.69	39.7	41.84	21.383333333333333	8.43	3.6366666666666667	1.8933333333333333	0.0	0.0
08:20	78.43666666666667	12.176666666666666	39.04333333333334	34.656666666666666	19.236666666666668	9.216666666666667	6.113333333333333	1.12	0.0	0.0
08:25	86.97666666666667	10.983333333333333	34.79	29.456666666666667	18.736666666666668	16.106666666666666	1.97	0.98	0.0	0.0
08:30	93.2	6.153333333333333	29.126666666666665	36.32333333333333	22.35	8.046666666666667	4.676666666666667	0.12333333333333334	0.0	0.0
08:35	98.96666666666667	4.63	31.373333333333335	32.193333333333335	23.326666666666668	7.99	1.52	0.0	0.0	0.0
08:40	111.25666666666666	4.19	28.166666666666668	35.11333333333334	17.616666666666667	2.4466666666666668	1.0633333333333332	0.14666666666666667	0.0	0.0
08:45	122.77	6.176666666666667	33.656666666666666	19.383333333333333	11.163333333333334	2.6466666666666665	3.986666666666667	0.21666666666666667	0.0	0.0
08:50	139.14	5.8133333333333335	22.703333333333333	15.89	8.486666666666666	5.426666666666667	1.54	1.0	0.0	0.0
08:55	152.96	2.4966666666666666	16.273333333333333	13.886666666666667	10.17	2.49	1.7	0.023333333333333334	0.0	0.0
09:00	155.56666666666666	3.1633333333333336	19.06	12.046666666666667	6.6033333333333335	2.49	1.07	0.0	0.0	0.0
09:05	162.09666666666666	4.136666666666667	20.18	5.843333333333334	4.613333333333333	2.2733333333333334	0.8566666666666667	0.0	0.0	0.0
09:10	173.85666666666665	2.46	10.82	6.8533333333333335	4.5	1.4566666666666668	0.05333333333333334	0.0	0.0	0.0
09:15	179.92666666666668	1.86	7.046666666666667	6.99	3.046666666666667	0.7066666666666667	0.42333333333333334	0.0	0.0	0.0
09:20	184.48666666666668	1.4866666666666666	6.216666666666667	6.786666666666667	1.0233333333333334	0.0	0.0	0.0	0.0	0.0
09:25	188.55	1.33	8.39	1.73	0.0	0.0	0.0	0.0	0.0	0.0
09:30	194.92666666666668	0.5933333333333334	3.433333333333333	0.2833333333333333	0.0	0.7633333333333333	0.0	0.0	0.0	0.0
09:35	197.15333333333334	0.27666666666666667	0.58	1.26	0.54	0.19	0.0	0.0	0.0	0.0
09:40	198.0	0.0	1.5066666666666666	0.49333333333333335	0.0	0.0	0.0	0.0	0.0	0.0
09:45	198.31333333333333	0.4	1.2866666666666666	0.0	0.0	0.0	0.0	0.0	0.0	0.0
09:50	200.0	0.0	0.0	0.0	0.0	0.0	0.0	0.0	0.0	0.0
09:55	200.0	0.0	0.0	0.0	0.0	0.0	0.0	0.0	0.0	0.0
10:00	200.0	0.0	0.0	0.0	0.0	0.0	0.0	0.0	0.0	0.0
10:05	200.0	0.0	0.0	0.0	0.0	0.0	0.0	0.0	0.0	0.0
10:10	200.0	0.0	0.0	0.0	0.0	0.0	0.0	0.0	0.0	0.0
10:15	200.0	0.0	0.0	0.0	0.0	0.0	0.0	0.0	0.0	0.0
10:20	200.0	0.0	0.0	0.0	0.0	0.0	0.0	0.0	0.0	0.0
10:25	200.0	0.0	0.0	0.0	0.0	0.0	0.0	0.0	0.0	0.0
10:30	200.0	0.0	0.0	0.0	0.0	0.0	0.0	0.0	0.0	0.0
10:35	200.0	0.0	0.0	0.0	0.0	0.0	0.0	0.0	0.0	0.0
10:40	200.0	0.0	0.0	0.0	0.0	0.0	0.0	0.0	0.0	0.0
10:45	200.0	0.0	0.0	0.0	0.0	0.0	0.0	0.0	0.0	0.0
10:50	200.0	0.0	0.0	0.0	0.0	0.0	0.0	0.0	0.0	0.0
10:55	200.0	0.0	0.0	0.0	0.0	0.0	0.0	0.0	0.0	0.0
11:00	200.0	0.0	0.0	0.0	0.0	0.0	0.0	0.0	0.0	0.0
11:05	200.0	0.0	0.0	0.0	0.0	0.0	0.0	0.0	0.0	0.0
11:10	200.0	0.0	0.0	0.0	0.0	0.0	0.0	0.0	0.0	0.0
11:15	200.0	0.0	0.0	0.0	0.0	0.0	0.0	0.0	0.0	0.0
11:20	200.0	0.0	0.0	0.0	0.0	0.0	0.0	0.0	0.0	0.0
11:25	200.0	0.0	0.0	0.0	0.0	0.0	0.0	0.0	0.0	0.0
11:30	200.0	0.0	0.0	0.0	0.0	0.0	0.0	0.0	0.0	0.0
11:35	200.0	0.0	0.0	0.0	0.0	0.0	0.0	0.0	0.0	0.0
11:40	200.0	0.0	0.0	0.0	0.0	0.0	0.0	0.0	0.0	0.0
11:45	200.0	0.0	0.0	0.0	0.0	0.0	0.0	0.0	0.0	0.0
11:50	200.0	0.0	0.0	0.0	0.0	0.0	0.0	0.0	0.0	0.0
11:55	200.0	0.0	0.0	0.0	0.0	0.0	0.0	0.0	0.0	0.0
12:00	200.0	0.0	0.0	0.0	0.0	0.0	0.0	0.0	0.0	0.0
12:05	200.0	0.0	0.0	0.0	0.0	0.0	0.0	0.0	0.0	0.0
12:10	200.0	0.0	0.0	0.0	0.0	0.0	0.0	0.0	0.0	0.0
12:15	200.0	0.0	0.0	0.0	0.0	0.0	0.0	0.0	0.0	0.0
12:20	200.0	0.0	0.0	0.0	0.0	0.0	0.0	0.0	0.0	0.0
12:25	200.0	0.0	0.0	0.0	0.0	0.0	0.0	0.0	0.0	0.0
12:30	200.0	0.0	0.0	0.0	0.0	0.0	0.0	0.0	0.0	0.0
12:35	200.0	0.0	0.0	0.0	0.0	0.0	0.0	0.0	0.0	0.0
12:40	200.0	0.0	0.0	0.0	0.0	0.0	0.0	0.0	0.0	0.0
12:45	200.0	0.0	0.0	0.0	0.0	0.0	0.0	0.0	0.0	0.0
12:50	200.0	0.0	0.0	0.0	0.0	0.0	0.0	0.0	0.0	0.0
12:55	200.0	0.0	0.0	0.0	0.0	0.0	0.0	0.0	0.0	0.0
13:00	200.0	0.0	0.0	0.0	0.0	0.0	0.0	0.0	0.0	0.0
13:05	200.0	0.0	0.0	0.0	0.0	0.0	0.0	0.0	0.0	0.0
13:10	200.0	0.0	0.0	0.0	0.0	0.0	0.0	0.0	0.0	0.0
13:15	200.0	0.0	0.0	0.0	0.0	0.0	0.0	0.0	0.0	0.0
13:20	200.0	0.0	0.0	0.0	0.0	0.0	0.0	0.0	0.0	0.0
13:25	200.0	0.0	0.0	0.0	0.0	0.0	0.0	0.0	0.0	0.0
13:30	200.0	0.0	0.0	0.0	0.0	0.0	0.0	0.0	0.0	0.0
13:35	200.0	0.0	0.0	0.0	0.0	0.0	0.0	0.0	0.0	0.0
13:40	199.84	0.16	0.0	0.0	0.0	0.0	0.0	0.0	0.0	0.0
13:45	198.39	0.8333333333333334	0.7766666666666666	0.0	0.0	0.0	0.0	0.0	0.0	0.0
13:50	197.37666666666667	0.4	2.223333333333333	0.0	0.0	0.0	0.0	0.0	0.0	0.0
13:55	198.24	0.24	1.52	0.0	0.0	0.0	0.0	0.0	0.0	0.0
14:00	197.05	1.4866666666666666	1.4633333333333334	0.0	0.0	0.0	0.0	0.0	0.0	0.0
14:05	195.10333333333332	1.18	3.716666666666667	0.0	0.0	0.0	0.0	0.0	0.0	0.0
14:10	193.88	0.9366666666666666	3.1766666666666667	2.006666666666667	0.0	0.0	0.0	0.0	0.0	0.0
14:15	190.54666666666665	2.2866666666666666	3.4633333333333334	1.9533333333333334	0.93	0.82	0.0	0.0	0.0	0.0
14:20	186.11	1.4866666666666666	7.216666666666667	2.1866666666666665	1.3566666666666667	1.6433333333333333	0.0	0.0	0.0	0.0
14:25	182.59333333333333	1.93	7.166666666666667	3.953333333333333	3.6733333333333333	0.6833333333333333	0.0	0.0	0.0	0.0
14:30	175.29333333333332	5.183333333333334	9.896666666666667	3.9166666666666665	4.796666666666667	0.9133333333333333	0.0	0.0	0.0	0.0
14:35	167.15	5.1433333333333335	13.13	8.643333333333333	4.14	1.0433333333333332	0.75	0.0	0.0	0.0
14:40	158.52666666666667	6.79	14.966666666666667	10.853333333333333	4.8533333333333335	3.0833333333333335	0.9266666666666666	0.0	0.0	0.0
14:45	153.64666666666668	6.373333333333333	13.61	12.78	7.656666666666666	2.7333333333333334	2.85	0.35	0.0	0.0
14:50	144.0	8.393333333333333	15.82	14.073333333333334	10.373333333333333	6.11	1.0333333333333334	0.19666666666666666	0.0	0.0
14:55	132.37	11.5	20.183333333333334	15.65	14.003333333333334	4.72	1.5733333333333333	0.0	0.0	0.0
15:00	127.18666666666667	5.586666666666667	21.41	19.983333333333334	17.476666666666667	5.923333333333333	2.0366666666666666	0.0	0.39666666666666667	0.0
15:05	119.92666666666666	8.043333333333333	21.656666666666666	21.413333333333334	16.88	10.35	0.7333333333333333	0.7566666666666667	0.24	0.0
15:10	113.50333333333333	7.22	26.003333333333334	23.506666666666668	16.773333333333333	11.38	1.4133333333333333	0.2	0.0	0.0
15:15	109.77	7.286666666666667	26.046666666666667	28.706666666666667	16.78	8.853333333333333	1.5666666666666667	0.99	0.0	0.0
15:20	101.18666666666667	8.8	26.626666666666665	31.956666666666667	20.52	7.426666666666667	2.276666666666667	0.6466666666666666	0.56	0.0
15:25	98.08	7.386666666666667	23.463333333333335	28.69	26.326666666666668	9.936666666666667	3.63	0.9666666666666667	1.52	0.0
15:30	92.32666666666667	12.72	23.256666666666668	33.35333333333333	23.02	7.656666666666666	4.023333333333333	2.5633333333333335	1.08	0.0
15:35	80.91666666666667	15.503333333333334	23.573333333333334	35.73	25.85	13.926666666666666	2.8966666666666665	1.0766666666666667	0.5266666666666666	0.0
15:40	75.84666666666666	11.23	23.536666666666665	46.09	30.476666666666667	9.846666666666666	2.6433333333333335	0.33	0.0	0.0
15:45	68.41333333333333	12.363333333333333	32.68	45.416666666666664	30.636666666666667	7.263333333333334	2.01	1.2166666666666666	0.0	0.0
15:50	65.68	11.726666666666667	44.056666666666665	41.63333333333333	24.19333333333333	6.503333333333333	4.483333333333333	1.7233333333333334	0.0	0.0
15:55	66.04	11.47	44.85666666666667	40.70666666666666	22.97	9.14	4.1866666666666665	0.63	0.0	0.0
16:00	66.0	12.713333333333333	39.37	43.20333333333333	24.976666666666667	9.713333333333333	3.3866666666666667	0.6366666666666667	0.0	0.0
16:05	65.85	11.146666666666667	44.1	42.153333333333336	24.866666666666667	9.603333333333333	2.16	0.12	0.0	0.0
16:10	66.28	11.38	34.906666666666666	48.89666666666667	28.69	6.443333333333333	3.4033333333333333	0.0	0.0	0.0
16:15	63.41	15.923333333333334	40.946666666666665	40.8	26.873333333333335	7.81	3.1333333333333333	1.1033333333333333	0.0	0.0
16:20	64.5	15.963333333333333	37.973333333333336	40.413333333333334	23.216666666666665	12.316666666666666	4.67	0.5833333333333334	0.36333333333333334	0.0
16:25	66.57666666666667	9.81	41.50333333333333	37.053333333333335	26.19333333333333	13.15	3.0733333333333333	1.1333333333333333	1.16	0.3466666666666667
16:30	71.50666666666666	9.123333333333333	40.013333333333335	38.04	21.32	14.163333333333334	3.75	0.6366666666666667	1.08	0.36666666666666664
16:35	71.82666666666667	10.16	39.126666666666665	38.29333333333334	24.363333333333333	10.493333333333334	5.113333333333333	0.35333333333333333	0.27	0.0
16:40	72.62	14.726666666666667	36.77333333333333	34.36	26.7	11.513333333333334	2.31	0.8466666666666667	0.15	0.0
16:45	76.92	9.083333333333334	38.57333333333333	32.50333333333333	27.55	11.923333333333334	3.4466666666666668	0.0	0.0	0.0
16:50	83.63666666666667	7.176666666666667	35.913333333333334	39.45666666666666	23.213333333333335	6.473333333333334	3.9366666666666665	0.19333333333333333	0.0	0.0
16:55	89.96666666666667	8.466666666666667	33.69	41.736666666666665	18.25	4.95	2.01	0.93	0.0	0.0
17:00	100.43	7.5633333333333335	33.276666666666664	34.95333333333333	14.896666666666667	4.796666666666667	3.5933333333333333	0.49	0.0	0.0
17:05	111.79666666666667	8.123333333333333	30.67	29.97	11.253333333333334	6.426666666666667	1.0133333333333334	0.7466666666666667	0.0	0.0
17:10	125.99666666666667	4.64	31.01	24.096666666666668	10.486666666666666	3.4266666666666667	0.3433333333333333	0.0	0.0	0.0
17:15	134.86666666666667	7.056666666666667	27.133333333333333	16.19333333333333	11.03	2.2066666666666666	1.5133333333333334	0.0	0.0	0.0
17:20	146.35	5.62	17.02	21.746666666666666	5.6466666666666665	1.12	1.76	0.7366666666666667	0.0	0.0
17:25	151.46	5.346666666666667	18.32	11.036666666666667	8.866666666666667	2.5633333333333335	1.4233333333333333	0.9833333333333333	0.0	0.0
17:30	157.58666666666667	4.256666666666667	19.196666666666665	10.616666666666667	3.62	2.6166666666666667	1.4533333333333334	0.6533333333333333	0.0	0.0
17:35	165.75333333333333	4.013333333333334	16.136666666666667	5.9	4.046666666666667	2.42	1.73	0.0	0.0	0.0
17:40	167.53333333333333	4.6066666666666665	12.67	5.983333333333333	3.3733333333333335	4.33	1.5033333333333334	0.0	0.0	0.0
17:45	169.09	3.6	14.006666666666666	7.976666666666667	2.3466666666666667	1.76	1.0933333333333333	0.12666666666666668	0.0	0.0
17:50	174.47333333333333	3.756666666666667	11.106666666666667	6.023333333333333	1.84	2.61	0.19	0.0	0.0	0.0
17:55	176.19	5.373333333333333	12.276666666666667	3.77	1.79	0.6	0.0	0.0	0.0	0.0
18:00	180.05	3.526666666666667	12.933333333333334	1.74	1.5866666666666667	0.16333333333333333	0.0	0.0	0.0	0.0
18:05	185.08333333333334	4.196666666666666	8.753333333333334	0.8766666666666667	1.09	0.0	0.0	0.0	0.0	0.0
18:10	188.57666666666665	2.8466666666666667	6.03	2.0633333333333335	0.48333333333333334	0.0	0.0	0.0	0.0	0.0
18:15	191.55333333333334	3.1066666666666665	3.763333333333333	0.83	0.7466666666666667	0.0	0.0	0.0	0.0	0.0
18:20	192.46333333333334	2.7	2.6433333333333335	0.6833333333333333	1.51	0.0	0.0	0.0	0.0	0.0
18:25	191.79	1.62	2.89	2.71	0.92	0.0	0.0	0.07	0.0	0.0
18:30	190.65666666666667	2.3833333333333333	3.5866666666666664	1.63	0.7433333333333333	0.0	0.6366666666666667	0.36333333333333334	0.0	0.0
18:35	189.66666666666666	2.69	4.33	1.6433333333333333	0.67	0.20333333333333334	0.7966666666666666	0.0	0.0	0.0
18:40	191.21666666666667	2.8466666666666667	3.5833333333333335	0.8233333333333334	1.1866666666666668	0.3433333333333333	0.0	0.0	0.0	0.0
18:45	192.08	1.5	3.6433333333333335	2.48	0.2966666666666667	0.0	0.0	0.0	0.0	0.0
18:50	194.09333333333333	1.6166666666666667	2.8933333333333335	1.3966666666666667	0.0	0.0	0.0	0.0	0.0	0.0
18:55	194.09666666666666	2.08	3.3233333333333333	0.5	0.0	0.0	0.0	0.0	0.0	0.0
19:00	196.98333333333332	1.64	0.6633333333333333	0.7133333333333334	0.0	0.0	0.0	0.0	0.0	0.0
19:05	196.64666666666668	1.61	1.27	0.47333333333333333	0.0	0.0	0.0	0.0	0.0	0.0
19:10	196.70333333333335	1.54	1.4833333333333334	0.0	0.2733333333333333	0.0	0.0	0.0	0.0	0.0
19:15	195.69666666666666	1.9666666666666666	1.3366666666666667	0.12333333333333334	0.8766666666666667	0.0	0.0	0.0	0.0	0.0
19:20	196.57666666666665	0.76	1.0266666666666666	1.0	0.4533333333333333	0.18333333333333332	0.0	0.0	0.0	0.0
19:25	196.29666666666665	1.3133333333333332	0.39	1.68	0.18333333333333332	0.13666666666666666	0.0	0.0	0.0	0.0
19:30	193.84666666666666	2.11	2.07	0.9733333333333334	0.0	1.0	0.0	0.0	0.0	0.0
19:35	195.45	1.18	1.72	1.2666666666666666	0.3433333333333333	0.04	0.0	0.0	0.0	0.0
19:40	195.35	1.9233333333333333	2.56	0.16666666666666666	0.0	0.0	0.0	0.0	0.0	0.0
19:45	197.04666666666665	0.6	2.3533333333333335	0.0	0.0	0.0	0.0	0.0	0.0	0.0
19:50	198.03	0.8866666666666667	0.18666666666666668	0.8966666666666666	0.0	0.0	0.0	0.0	0.0	0.0
19:55	198.09666666666666	0.2	1.37	0.3333333333333333	0.0	0.0	0.0	0.0	0.0	0.0
20:00	199.19666666666666	0.6766666666666666	0.12666666666666668	0.0	0.0	0.0	0.0	0.0	0.0	0.0
20:05	199.0	0.24666666666666667	0.7533333333333333	0.0	0.0	0.0	0.0	0.0	0.0	0.0
20:10	199.63333333333333	0.2	0.16666666666666666	0.0	0.0	0.0	0.0	0.0	0.0	0.0
20:15	200.0	0.0	0.0	0.0	0.0	0.0	0.0	0.0	0.0	0.0
20:20	200.0	0.0	0.0	0.0	0.0	0.0	0.0	0.0	0.0	0.0
20:25	200.0	0.0	0.0	0.0	0.0	0.0	0.0	0.0	0.0	0.0
20:30	200.0	0.0	0.0	0.0	0.0	0.0	0.0	0.0	0.0	0.0
20:35	200.0	0.0	0.0	0.0	0.0	0.0	0.0	0.0	0.0	0.0
20:40	200.0	0.0	0.0	0.0	0.0	0.0	0.0	0.0	0.0	0.0
20:45	200.0	0.0	0.0	0.0	0.0	0.0	0.0	0.0	0.0	0.0
20:50	200.0	0.0	0.0	0.0	0.0	0.0	0.0	0.0	0.0	0.0
20:55	200.0	0.0	0.0	0.0	0.0	0.0	0.0	0.0	0.0	0.0
21:00	200.0	0.0	0.0	0.0	0.0	0.0	0.0	0.0	0.0	0.0
21:05	200.0	0.0	0.0	0.0	0.0	0.0	0.0	0.0	0.0	0.0
21:10	200.0	0.0	0.0	0.0	0.0	0.0	0.0	0.0	0.0	0.0
21:15	200.0	0.0	0.0	0.0	0.0	0.0	0.0	0.0	0.0	0.0
21:20	200.0	0.0	0.0	0.0	0.0	0.0	0.0	0.0	0.0	0.0
21:25	200.0	0.0	0.0	0.0	0.0	0.0	0.0	0.0	0.0	0.0
21:30	200.0	0.0	0.0	0.0	0.0	0.0	0.0	0.0	0.0	0.0
21:35	200.0	0.0	0.0	0.0	0.0	0.0	0.0	0.0	0.0	0.0
21:40	200.0	0.0	0.0	0.0	0.0	0.0	0.0	0.0	0.0	0.0
21:45	200.0	0.0	0.0	0.0	0.0	0.0	0.0	0.0	0.0	0.0
21:50	200.0	0.0	0.0	0.0	0.0	0.0	0.0	0.0	0.0	0.0
21:55	200.0	0.0	0.0	0.0	0.0	0.0	0.0	0.0	0.0	0.0
22:00	200.0	0.0	0.0	0.0	0.0	0.0	0.0	0.0	0.0	0.0
22:05	200.0	0.0	0.0	0.0	0.0	0.0	0.0	0.0	0.0	0.0
22:10	200.0	0.0	0.0	0.0	0.0	0.0	0.0	0.0	0.0	0.0
22:15	200.0	0.0	0.0	0.0	0.0	0.0	0.0	0.0	0.0	0.0
22:20	200.0	0.0	0.0	0.0	0.0	0.0	0.0	0.0	0.0	0.0
22:25	200.0	0.0	0.0	0.0	0.0	0.0	0.0	0.0	0.0	0.0
22:30	200.0	0.0	0.0	0.0	0.0	0.0	0.0	0.0	0.0	0.0
22:35	200.0	0.0	0.0	0.0	0.0	0.0	0.0	0.0	0.0	0.0
22:40	200.0	0.0	0.0	0.0	0.0	0.0	0.0	0.0	0.0	0.0
22:45	200.0	0.0	0.0	0.0	0.0	0.0	0.0	0.0	0.0	0.0
22:50	200.0	0.0	0.0	0.0	0.0	0.0	0.0	0.0	0.0	0.0
22:55	200.0	0.0	0.0	0.0	0.0	0.0	0.0	0.0	0.0	0.0
23:00	200.0	0.0	0.0	0.0	0.0	0.0	0.0	0.0	0.0	0.0
23:05	200.0	0.0	0.0	0.0	0.0	0.0	0.0	0.0	0.0	0.0
23:10	200.0	0.0	0.0	0.0	0.0	0.0	0.0	0.0	0.0	0.0
23:15	200.0	0.0	0.0	0.0	0.0	0.0	0.0	0.0	0.0	0.0
23:20	200.0	0.0	0.0	0.0	0.0	0.0	0.0	0.0	0.0	0.0
23:25	200.0	0.0	0.0	0.0	0.0	0.0	0.0	0.0	0.0	0.0
23:30	200.0	0.0	0.0	0.0	0.0	0.0	0.0	0.0	0.0	0.0
23:35	200.0	0.0	0.0	0.0	0.0	0.0	0.0	0.0	0.0	0.0
23:40	200.0	0.0	0.0	0.0	0.0	0.0	0.0	0.0	0.0	0.0
23:45	200.0	0.0	0.0	0.0	0.0	0.0	0.0	0.0	0.0	0.0
23:50	200.0	0.0	0.0	0.0	0.0	0.0	0.0	0.0	0.0	0.0
23:55	200.0	0.0	0.0	0.0	0.0	0.0	0.0	0.0	0.0	0.0
24:00	0.0	0.0	0.0	0.0	0.0	0.0	0.0	0.0	0.0	0.0
