time	EMPTY_DRIVE	PICKUP	OCCUPIED_DRIVE	DROPOFF	STAY	UNPLANNED
00:00	0	0	0	0	0	0
00:05	0	0	0	0	0	0
00:10	0	0	0	0	0	0
00:15	0	0	0	0	0	0
00:20	0	0	0	0	0	0
00:25	0	0	0	0	0	0
00:30	0	0	0	0	0	0
00:35	0	0	0	0	0	0
00:40	0	0	0	0	0	0
00:45	0	0	0	0	0	0
00:50	0	0	0	0	0	0
00:55	0	0	0	0	0	0
01:00	0	0	0	0	0	0
01:05	0	0	0	0	0	0
01:10	0	0	0	0	0	0
01:15	0	0	0	0	0	0
01:20	0	0	0	0	0	0
01:25	0	0	0	0	0	0
01:30	0	0	0	0	0	0
01:35	0	0	0	0	0	0
01:40	0	0	0	0	0	0
01:45	0	0	0	0	0	0
01:50	0	0	0	0	0	0
01:55	0	0	0	0	0	0
02:00	0	0	0	0	0	0
02:05	0	0	0	0	0	0
02:10	0	0	0	0	0	0
02:15	0	0	0	0	0	0
02:20	0	0	0	0	0	0
02:25	0	0	0	0	0	0
02:30	0	0	0	0	0	0
02:35	0	0	0	0	0	0
02:40	0	0	0	0	0	0
02:45	0	0	0	0	0	0
02:50	0	0	0	0	0	0
02:55	0	0	0	0	0	0
03:00	0	0	0	0	0	0
03:05	0	0	0	0	0	0
03:10	0	0	0	0	0	0
03:15	0	0	0	0	0	0
03:20	0	0	0	0	0	0
03:25	0	0	0	0	0	0
03:30	0	0	0	0	0	0
03:35	0	0	0	0	0	0
03:40	0	0	0	0	0	0
03:45	0	0	0	0	0	0
03:50	0	0	0	0	0	0
03:55	0	0	0	0	0	0
04:00	0	0	0	0	0	0
04:05	0	0	0	0	0	0
04:10	0	0	0	0	0	0
04:15	0	0	0	0	0	0
04:20	0	0	0	0	0	0
04:25	0	0	0	0	0	0
04:30	0	0	0	0	0	0
04:35	0	0	0	0	0	0
04:40	0	0	0	0	0	0
04:45	0	0	0	0	0	0
04:50	0	0	0	0	0	0
04:55	0	0	0	0	0	0
05:00	0	0	0	0	0	0
05:05	0	0	0	0	0	0
05:10	0	0	0	0	0	0
05:15	0	0	0	0	0	0
05:20	0	0	0	0	0	0
05:25	0	0	0	0	0	0
05:30	0	0	0	0	0	0
05:35	0	0	0	0	0	0
05:40	0	0	0	0	0	0
05:45	0	0	0	0	0	0
05:50	0	0	0	0	0	0
05:55	0	0	0	0	0	0
06:00	0	0	0	0	0	0
06:05	0	0	0	0	11	0
06:10	0	0	0	0	11	0
06:15	0	0	0	0	11	0
06:20	0	0	0	0	11	0
06:25	0	0	0	0	11	0
06:30	0	0	0	0	11	0
06:35	0	0	0	0	11	0
06:40	0	0	0	0	11	0
06:45	0	0	0	0	11	0
06:50	0	0	0	0	11	0
06:55	0	0	0	0	11	0
07:00	0	0	0	0	11	0
07:05	0	0	0	0	11	0
07:10	0	0	0	0	11	0
07:15	0	0	0	0	11	0
07:20	0	0	0	0	11	0
07:25	0	0	0	0	11	0
07:30	0	0	0	0	11	0
07:35	0	0	0	0	11	0
07:40	0	0	0	0	11	0
07:45	0	0	0	0	11	0
07:50	0	0	0	0	11	0
07:55	0	0	0	0	11	0
08:00	0	0	0	0	11	0
08:05	0	0	0	0	11	0
08:10	0	0	0	0	11	0
08:15	0	0	0	0	11	0
08:20	0	0	0	0	11	0
08:25	0	0	0	0	11	0
08:30	0	0	0	0	11	0
08:35	0	0	0	0	11	0
08:40	0	0	0	0	11	0
08:45	0	0	0	0	11	0
08:50	0	0	0	0	11	0
08:55	0	0	0	0	11	0
09:00	0	0	0	0	11	0
09:05	0	0	0	0	11	0
09:10	0	0	0	0	11	0
09:15	0	0	0	0	11	0
09:20	0	0	0	0	11	0
09:25	0	0	0	0	11	0
09:30	0	0	0	0	11	0
09:35	0	0	0	0	11	0
09:40	0	0	0	0	11	0
09:45	0	0	0	0	11	0
09:50	0	0	0	0	11	0
09:55	0	0	0	0	11	0
10:00	0	0	0	0	11	0
10:05	0	0	0	0	11	0
10:10	0	0	0	0	11	0
10:15	0	0	0	0	11	0
10:20	0	0	0	0	11	0
10:25	0	0	0	0	11	0
10:30	0	0	0	0	11	0
10:35	0	0	0	0	11	0
10:40	0	0	0	0	11	0
10:45	0	0	0	0	11	0
10:50	0	0	0	0	11	0
10:55	0	0	0	0	11	0
11:00	0	0	0	0	11	0
11:05	0	0	0	0	11	0
11:10	0	0	0	0	11	0
11:15	0	0	0	0	11	0
11:20	0	0	0	0	11	0
11:25	0	0	0	0	11	0
11:30	0	0	0	0	11	0
11:35	0	0	0	0	11	0
11:40	0	0	0	0	11	0
11:45	0	0	0	0	11	0
11:50	0	0	0	0	11	0
11:55	0	0	0	0	11	0
12:00	0	0	0	0	11	0
12:05	0	0	0	0	11	0
12:10	0	0	0	0	11	0
12:15	0	0	0	0	11	0
12:20	0	0	0	0	11	0
12:25	0	0	0	0	11	0
12:30	0	0	0	0	11	0
12:35	0	0	0	0	11	0
12:40	0	0	0	0	11	0
12:45	0	0	0	0	11	0
12:50	0	0	0	0	11	0
12:55	0	0	0	0	11	0
13:00	0	0	0	0	11	0
13:05	0	0	0	0	11	0
13:10	0	0	0	0	11	0
13:15	0	0	0	0	11	0
13:20	0	0	0	0	11	0
13:25	0	0	0	0	11	0
13:30	0	0	0	0	11	0
13:35	0	0	0	0	11	0
13:40	0	0	0	0	11	0
13:45	0	0	0	0	11	0
13:50	0	0	0	0	11	0
13:55	0	0	0	0	11	0
14:00	0	0	0	0	11	0
14:05	0	0	0	0	11	0
14:10	0	0	0	0	11	0
14:15	0	0	0	0	11	0
14:20	0	0	0	0	11	0
14:25	0	0	0	0	11	0
14:30	0	0	0	0	11	0
14:35	0	0	0	0	11	0
14:40	0	0	0	0	11	0
14:45	0	0	0	0	11	0
14:50	0	0	0	0	11	0
14:55	0	0	0	0	11	0
15:00	0	0	0	0	11	0
15:05	0	0	0	0	11	0
15:10	0	0	0	0	11	0
15:15	0	0	0	0	11	0
15:20	0	0	0	0	11	0
15:25	0	0	0	0	11	0
15:30	0	0	0	0	11	0
15:35	0	0	0	0	11	0
15:40	0	0	0	0	11	0
15:45	0	0	0	0	11	0
15:50	0	0	0	0	11	0
15:55	0	0	0	0	11	0
16:00	0	0	0	0	11	0
16:05	0	0	0	0	11	0
16:10	0	0	0	0	11	0
16:15	0	0	0	0	11	0
16:20	0	0	0	0	11	0
16:25	0	0	0	0	11	0
16:30	0	0	0	0	11	0
16:35	0	0	0	0	11	0
16:40	0	0	0	0	11	0
16:45	0	0	0	0	11	0
16:50	0	0	0	0	11	0
16:55	0	0	0	0	11	0
17:00	0	0	0	0	11	0
17:05	0	0	0	0	11	0
17:10	0	0	0	0	11	0
17:15	0	0	0	0	11	0
17:20	0	0	0	0	11	0
17:25	0	0	0	0	11	0
17:30	0	0	0	0	11	0
17:35	0	0	0	0	11	0
17:40	0	0	0	0	11	0
17:45	0	0	0	0	11	0
17:50	0	0	0	0	11	0
17:55	0	0	0	0	11	0
18:00	0	0	0	0	11	0
18:05	0	0	0	0	11	0
18:10	0	0	0	0	11	0
18:15	0	0	0	0	11	0
18:20	0	0	0	0	11	0
18:25	0	0	0	0	11	0
18:30	0	0	0	0	11	0
18:35	0	0	0	0	11	0
18:40	0	0	0	0	11	0
18:45	0	0	0	0	11	0
18:50	0	0	0	0	11	0
18:55	0	0	0	0	11	0
19:00	0	0	0	0	11	0
19:05	0	0	0	0	11	0
19:10	0	0	0	0	11	0
19:15	0	0	0	0	11	0
19:20	0	0	0	0	11	0
19:25	0	0	0	0	11	0
19:30	0	0	0	0	11	0
19:35	0	0	0	0	11	0
19:40	0	0	0	0	11	0
19:45	0	0	0	0	11	0
19:50	0	0	0	0	11	0
19:55	0	0	0	0	11	0
20:00	0	0	0	0	11	0
20:05	0	0	0	0	11	0
20:10	0	0	0	0	11	0
20:15	0	0	0	0	11	0
20:20	0	0	0	0	11	0
20:25	0	0	0	0	11	0
20:30	0	0	0	0	11	0
20:35	0	0	0	0	11	0
20:40	0	0	0	0	11	0
20:45	0	0	0	0	11	0
20:50	0	0	0	0	11	0
20:55	0	0	0	0	11	0
21:00	0	0	0	0	11	0
21:05	0	0	0	0	11	0
21:10	0	0	0	0	11	0
21:15	0	0	0	0	11	0
21:20	0	0	0	0	11	0
21:25	0	0	0	0	11	0
21:30	0	0	0	0	11	0
21:35	0	0	0	0	11	0
21:40	0	0	0	0	11	0
21:45	0	0	0	0	11	0
21:50	0	0	0	0	11	0
21:55	0	0	0	0	11	0
22:00	0	0	0	0	11	0
22:05	0	0	0	0	11	0
22:10	0	0	0	0	11	0
22:15	0	0	0	0	11	0
22:20	0	0	0	0	11	0
22:25	0	0	0	0	11	0
22:30	0	0	0	0	11	0
22:35	0	0	0	0	11	0
22:40	0	0	0	0	11	0
22:45	0	0	0	0	11	0
22:50	0	0	0	0	11	0
22:55	0	0	0	0	11	0
23:00	0	0	0	0	11	0
23:05	0	0	0	0	11	0
23:10	0	0	0	0	11	0
23:15	0	0	0	0	11	0
23:20	0	0	0	0	11	0
23:25	0	0	0	0	11	0
23:30	0	0	0	0	11	0
23:35	0	0	0	0	11	0
23:40	0	0	0	0	11	0
23:45	0	0	0	0	11	0
23:50	0	0	0	0	11	0
23:55	0	0	0	0	11	0
24:00	0	0	0	0	11	0
24:05	0	0	0	0	11	0
24:10	0	0	0	0	11	0
24:15	0	0	0	0	11	0
24:20	0	0	0	0	11	0
24:25	0	0	0	0	11	0
24:30	0	0	0	0	11	0
24:35	0	0	0	0	11	0
24:40	0	0	0	0	11	0
24:45	0	0	0	0	11	0
24:50	0	0	0	0	11	0
24:55	0	0	0	0	11	0
25:00	0	0	0	0	11	0
25:05	0	0	0	0	11	0
25:10	0	0	0	0	11	0
25:15	0	0	0	0	11	0
25:20	0	0	0	0	11	0
25:25	0	0	0	0	11	0
25:30	0	0	0	0	11	0
25:35	0	0	0	0	11	0
25:40	0	0	0	0	11	0
25:45	0	0	0	0	11	0
25:50	0	0	0	0	11	0
25:55	0	0	0	0	11	0
26:00	0	0	0	0	11	0
26:05	0	0	0	0	11	0
26:10	0	0	0	0	11	0
26:15	0	0	0	0	11	0
26:20	0	0	0	0	11	0
26:25	0	0	0	0	11	0
26:30	0	0	0	0	11	0
26:35	0	0	0	0	11	0
26:40	0	0	0	0	11	0
26:45	0	0	0	0	11	0
26:50	0	0	0	0	11	0
26:55	0	0	0	0	11	0
27:00	0	0	0	0	11	0
27:05	0	0	0	0	11	0
27:10	0	0	0	0	11	0
27:15	0	0	0	0	11	0
27:20	0	0	0	0	11	0
27:25	0	0	0	0	11	0
27:30	0	0	0	0	11	0
27:35	0	0	0	0	11	0
27:40	0	0	0	0	11	0
27:45	0	0	0	0	11	0
27:50	0	0	0	0	11	0
27:55	0	0	0	0	11	0
28:00	0	0	0	0	11	0
28:05	0	0	0	0	11	0
28:10	0	0	0	0	11	0
28:15	0	0	0	0	11	0
28:20	0	0	0	0	11	0
28:25	0	0	0	0	11	0
28:30	0	0	0	0	11	0
28:35	0	0	0	0	11	0
28:40	0	0	0	0	11	0
28:45	0	0	0	0	11	0
28:50	0	0	0	0	11	0
28:55	0	0	0	0	11	0
29:00	0	0	0	0	11	0
