pattern	0+	5+	10+	15+	20+	25+	30+	35+	40+	45+	50+	55+	60+
TaxiPickup---TaxiDropoff	6884	13839	9511	6461	4087	2260	1008	776	249	168	45	10	0
TaxiStay---TaxiPickup	21852	11121	4793	1532	354	60	14	0	0	0	0	0	0
home---taxi interaction	12809	3818	1787	1221	1014	547	301	275	250	227	154	131	115
home---work	10	21	24	14	15	4	6	6	0	0	0	0	3
taxi interaction---home	12809	3818	1787	1221	1014	547	301	275	250	227	154	131	115
taxi interaction---taxi interaction	291	4864	9755	9062	7391	5755	3759	2046	1246	562	299	175	93
taxi interaction---work	8428	6182	2576	1454	721	471	268	387	395	230	172	126	1239
work---home	10	21	24	14	15	4	6	6	0	0	0	0	3
work---taxi interaction	8428	6182	2576	1454	721	471	268	387	395	230	172	126	1239

average trip duration: 775.5878059369404 seconds = 00:12:55
