Passenger Wait Time [s]
hour	n	avg	sd		min	2%ile	5%ile	25%ile	50%ile	75%ile	95%ile	98%ile	max
0	0	NaN	NaN		NaN	NaN	NaN	NaN	NaN	NaN	NaN	NaN	NaN
1	0	NaN	NaN		NaN	NaN	NaN	NaN	NaN	NaN	NaN	NaN	NaN
2	0	NaN	NaN		NaN	NaN	NaN	NaN	NaN	NaN	NaN	NaN	NaN
3	0	NaN	NaN		NaN	NaN	NaN	NaN	NaN	NaN	NaN	NaN	NaN
4	0	NaN	NaN		NaN	NaN	NaN	NaN	NaN	NaN	NaN	NaN	NaN
5	0	NaN	NaN		NaN	NaN	NaN	NaN	NaN	NaN	NaN	NaN	NaN
6	4213	76.4	111.1		2	2	2	2	40	97	330	467	1177
7	11049	357.4	285.6		2	2	2	137	282	514	930	1084	1709
8	7181	455.5	323.0		2	2	61	201	382	656	1058	1234	1999
9	202	308.4	207.7		2	2	2	168	233	496	681	742	834
10	4	592.5	172.6		443	443	443	443	593	742	742	742	742
11	0	NaN	NaN		NaN	NaN	NaN	NaN	NaN	NaN	NaN	NaN	NaN
12	0	NaN	NaN		NaN	NaN	NaN	NaN	NaN	NaN	NaN	NaN	NaN
13	19	22.7	50.1		2	2	2	2	2	20	219	219	219
14	3933	46.6	71.7		2	2	2	2	2	71	192	269	677
15	10445	289.8	250.8		2	2	2	116	224	396	795	957	1539
16	7137	338.1	262.3		2	2	2	148	271	463	831	977	1621
17	970	361.2	200.8		2	2	2	225	399	503	704	797	1065
18	132	449.3	194.1		2	258	258	376	419	497	704	1347	1360
19	10	425.3	19.6		381	381	381	423	434	434	440	440	440
20	3	440.0	0.0		440	440	440	440	440	440	440	440	440
21	0	NaN	NaN		NaN	NaN	NaN	NaN	NaN	NaN	NaN	NaN	NaN
22	0	NaN	NaN		NaN	NaN	NaN	NaN	NaN	NaN	NaN	NaN	NaN
23	0	NaN	NaN		NaN	NaN	NaN	NaN	NaN	NaN	NaN	NaN	NaN
daily	45298	301.2	282.6		2	2	2	87	220	440	868	1042	1999

Vehicle Empty Drive Ratio
hour	fleetAvg	avg	sd		min	2%ile	5%ile	25%ile	50%ile	75%ile	95%ile	98%ile	max
0	NaN	NaN	NaN		NaN	NaN	NaN	NaN	NaN	NaN	NaN	NaN	NaN
1	NaN	NaN	NaN		NaN	NaN	NaN	NaN	NaN	NaN	NaN	NaN	NaN
2	NaN	NaN	NaN		NaN	NaN	NaN	NaN	NaN	NaN	NaN	NaN	NaN
3	NaN	NaN	NaN		NaN	NaN	NaN	NaN	NaN	NaN	NaN	NaN	NaN
4	NaN	NaN	NaN		NaN	NaN	NaN	NaN	NaN	NaN	NaN	NaN	NaN
5	NaN	NaN	NaN		NaN	NaN	NaN	NaN	NaN	NaN	NaN	NaN	NaN
6	0.1312	0.2064	0.2933		0.000	0.000	0.000	0.000	0.091	0.242	1.000	1.000	1.000
7	0.3152	0.3252	0.1867		0.000	0.000	0.041	0.193	0.311	0.436	0.654	0.783	1.000
8	0.3245	0.3239	0.1620		0.000	0.000	0.037	0.213	0.329	0.433	0.581	0.667	1.000
9	0.0901	0.0615	0.1523		0.000	0.000	0.000	0.000	0.000	0.000	0.426	0.552	1.000
10	0.3108	0.2154	0.2852		0.000	0.000	0.000	0.000	0.000	0.492	0.752	0.752	0.752
11	NaN	NaN	NaN		NaN	NaN	NaN	NaN	NaN	NaN	NaN	NaN	NaN
12	NaN	NaN	NaN		NaN	NaN	NaN	NaN	NaN	NaN	NaN	NaN	NaN
13	0.2940	0.4866	0.4954		0.000	0.000	0.000	0.000	0.420	1.000	1.000	1.000	1.000
14	0.0790	0.1229	0.2270		0.000	0.000	0.000	0.000	0.019	0.146	0.698	1.000	1.000
15	0.2890	0.3077	0.2037		0.000	0.000	0.000	0.173	0.287	0.403	0.672	1.000	1.000
16	0.2776	0.2594	0.1546		0.000	0.000	0.000	0.153	0.260	0.364	0.513	0.586	1.000
17	0.1894	0.1355	0.2017		0.000	0.000	0.000	0.000	0.000	0.243	0.502	0.741	1.000
18	0.2211	0.1629	0.1931		0.000	0.000	0.000	0.000	0.079	0.288	0.532	0.597	1.000
19	0.1930	0.1399	0.1843		0.000	0.000	0.000	0.000	0.000	0.303	0.478	0.478	0.478
20	0.3111	0.3328	0.1113		0.173	0.173	0.173	0.230	0.349	0.428	0.471	0.471	0.471
21	0.0000	0.0000	0.0000		0.000	0.000	0.000	0.000	0.000	0.000	0.000	0.000	0.000
22	NaN	NaN	NaN		NaN	NaN	NaN	NaN	NaN	NaN	NaN	NaN	NaN
23	NaN	NaN	NaN		NaN	NaN	NaN	NaN	NaN	NaN	NaN	NaN	NaN
daily	0.2778	0.2762	0.0723		0.000	0.115	0.149	0.230	0.280	0.326	0.390	0.415	0.507

Vehicle Wait Ratio
hour	fleetAvg	avg	sd		min	2%ile	5%ile	25%ile	50%ile	75%ile	95%ile	98%ile	max
0	1.0000	1.0000	0.0000		1.000	1.000	1.000	1.000	1.000	1.000	1.000	1.000	1.000
1	1.0000	1.0000	0.0000		1.000	1.000	1.000	1.000	1.000	1.000	1.000	1.000	1.000
2	1.0000	1.0000	0.0000		1.000	1.000	1.000	1.000	1.000	1.000	1.000	1.000	1.000
3	1.0000	1.0000	0.0000		1.000	1.000	1.000	1.000	1.000	1.000	1.000	1.000	1.000
4	1.0000	1.0000	0.0000		1.000	1.000	1.000	1.000	1.000	1.000	1.000	1.000	1.000
5	1.0000	1.0000	0.0000		1.000	1.000	1.000	1.000	1.000	1.000	1.000	1.000	1.000
6	0.8543	0.8543	0.1431		0.291	0.522	0.595	0.754	0.870	1.000	1.000	1.000	1.000
7	0.3007	0.3007	0.2246		0.000	0.003	0.007	0.111	0.275	0.458	0.707	0.799	1.000
8	0.2551	0.2551	0.2181		0.000	0.001	0.003	0.086	0.219	0.365	0.694	1.000	1.000
9	0.9467	0.9467	0.1264		0.006	0.508	0.653	0.986	1.000	1.000	1.000	1.000	1.000
10	0.9991	0.9991	0.0184		0.327	1.000	1.000	1.000	1.000	1.000	1.000	1.000	1.000
11	1.0000	1.0000	0.0000		1.000	1.000	1.000	1.000	1.000	1.000	1.000	1.000	1.000
12	1.0000	1.0000	0.0000		1.000	1.000	1.000	1.000	1.000	1.000	1.000	1.000	1.000
13	0.9999	0.9999	0.0025		0.910	1.000	1.000	1.000	1.000	1.000	1.000	1.000	1.000
14	0.8584	0.8584	0.1488		0.152	0.493	0.579	0.761	0.884	1.000	1.000	1.000	1.000
15	0.3931	0.3931	0.2808		0.001	0.006	0.018	0.166	0.348	0.572	1.000	1.000	1.000
16	0.3711	0.3711	0.3337		0.000	0.003	0.008	0.076	0.275	0.601	1.000	1.000	1.000
17	0.8726	0.8726	0.2305		0.002	0.095	0.329	0.831	1.000	1.000	1.000	1.000	1.000
18	0.9794	0.9794	0.1049		0.026	0.521	0.965	1.000	1.000	1.000	1.000	1.000	1.000
19	0.9987	0.9987	0.0201		0.527	1.000	1.000	1.000	1.000	1.000	1.000	1.000	1.000
20	0.9996	0.9996	0.0127		0.435	1.000	1.000	1.000	1.000	1.000	1.000	1.000	1.000
21	1.0000	1.0000	0.0015		0.893	1.000	1.000	1.000	1.000	1.000	1.000	1.000	1.000
22	1.0000	1.0000	0.0000		1.000	1.000	1.000	1.000	1.000	1.000	1.000	1.000	1.000
23	1.0000	1.0000	0.0000		1.000	1.000	1.000	1.000	1.000	1.000	1.000	1.000	1.000
daily	0.8679	0.8679	0.0307		0.737	0.806	0.819	0.847	0.866	0.889	0.920	0.931	0.970

Total duration of tasks by type [h]
hour	EMPTY_DRIVE	PICKUP	OCCUPIED_DRIVE	DROPOFF	STAY	all
0	0.00	0.00	0.00	0.00	5000.00	5000.00
1	0.00	0.00	0.00	0.00	5000.00	5000.00
2	0.00	0.00	0.00	0.00	5000.00	5000.00
3	0.00	0.00	0.00	0.00	5000.00	5000.00
4	0.00	0.00	0.00	0.00	5000.00	5000.00
5	0.00	0.00	0.00	0.00	5000.00	5000.00
6	75.37	124.72	499.00	29.17	4271.74	5000.00
7	950.17	324.79	2064.67	156.97	1503.40	5000.00
8	1058.14	295.30	2202.58	168.68	1275.31	5000.00
9	21.12	9.86	213.41	22.35	4733.26	5000.00
10	1.20	0.30	2.66	0.32	4995.52	5000.00
11	0.00	0.00	0.00	0.00	5000.00	5000.00
12	0.00	0.00	0.00	0.00	5000.00	5000.00
13	0.07	0.40	0.17	0.00	4999.36	5000.00
14	43.61	120.80	508.24	35.15	4292.20	5000.00
15	745.03	313.39	1833.31	142.75	1965.51	5000.00
16	754.10	273.65	1962.00	154.92	1855.32	5000.00
17	105.80	39.73	452.86	38.46	4363.15	5000.00
18	20.08	6.49	70.75	5.71	4896.97	5000.00
19	1.09	0.35	4.55	0.40	4993.61	5000.00
20	0.54	0.17	1.19	0.07	4998.04	5000.00
21	0.00	0.00	0.09	0.02	4999.89	5000.00
22	0.00	0.00	0.00	0.00	5000.00	5000.00
23	0.00	0.00	0.00	0.00	5000.00	5000.00
daily	3776.32	1509.93	9815.48	754.97	104143.30	120000.00

