time	EMPTY_DRIVE	PICKUP	OCCUPIED_DRIVE	DROPOFF	STAY	UNPLANNED
00:00	0.0	0.0	0.0	0.0	0.0	0.0
00:05	0.0	0.0	0.0	0.0	5000.0	0.0
00:10	0.0	0.0	0.0	0.0	5000.0	0.0
00:15	0.0	0.0	0.0	0.0	5000.0	0.0
00:20	0.0	0.0	0.0	0.0	5000.0	0.0
00:25	0.0	0.0	0.0	0.0	5000.0	0.0
00:30	0.0	0.0	0.0	0.0	5000.0	0.0
00:35	0.0	0.0	0.0	0.0	5000.0	0.0
00:40	0.0	0.0	0.0	0.0	5000.0	0.0
00:45	0.0	0.0	0.0	0.0	5000.0	0.0
00:50	0.0	0.0	0.0	0.0	5000.0	0.0
00:55	0.0	0.0	0.0	0.0	5000.0	0.0
01:00	0.0	0.0	0.0	0.0	5000.0	0.0
01:05	0.0	0.0	0.0	0.0	5000.0	0.0
01:10	0.0	0.0	0.0	0.0	5000.0	0.0
01:15	0.0	0.0	0.0	0.0	5000.0	0.0
01:20	0.0	0.0	0.0	0.0	5000.0	0.0
01:25	0.0	0.0	0.0	0.0	5000.0	0.0
01:30	0.0	0.0	0.0	0.0	5000.0	0.0
01:35	0.0	0.0	0.0	0.0	5000.0	0.0
01:40	0.0	0.0	0.0	0.0	5000.0	0.0
01:45	0.0	0.0	0.0	0.0	5000.0	0.0
01:50	0.0	0.0	0.0	0.0	5000.0	0.0
01:55	0.0	0.0	0.0	0.0	5000.0	0.0
02:00	0.0	0.0	0.0	0.0	5000.0	0.0
02:05	0.0	0.0	0.0	0.0	5000.0	0.0
02:10	0.0	0.0	0.0	0.0	5000.0	0.0
02:15	0.0	0.0	0.0	0.0	5000.0	0.0
02:20	0.0	0.0	0.0	0.0	5000.0	0.0
02:25	0.0	0.0	0.0	0.0	5000.0	0.0
02:30	0.0	0.0	0.0	0.0	5000.0	0.0
02:35	0.0	0.0	0.0	0.0	5000.0	0.0
02:40	0.0	0.0	0.0	0.0	5000.0	0.0
02:45	0.0	0.0	0.0	0.0	5000.0	0.0
02:50	0.0	0.0	0.0	0.0	5000.0	0.0
02:55	0.0	0.0	0.0	0.0	5000.0	0.0
03:00	0.0	0.0	0.0	0.0	5000.0	0.0
03:05	0.0	0.0	0.0	0.0	5000.0	0.0
03:10	0.0	0.0	0.0	0.0	5000.0	0.0
03:15	0.0	0.0	0.0	0.0	5000.0	0.0
03:20	0.0	0.0	0.0	0.0	5000.0	0.0
03:25	0.0	0.0	0.0	0.0	5000.0	0.0
03:30	0.0	0.0	0.0	0.0	5000.0	0.0
03:35	0.0	0.0	0.0	0.0	5000.0	0.0
03:40	0.0	0.0	0.0	0.0	5000.0	0.0
03:45	0.0	0.0	0.0	0.0	5000.0	0.0
03:50	0.0	0.0	0.0	0.0	5000.0	0.0
03:55	0.0	0.0	0.0	0.0	5000.0	0.0
04:00	0.0	0.0	0.0	0.0	5000.0	0.0
04:05	0.0	0.0	0.0	0.0	5000.0	0.0
04:10	0.0	0.0	0.0	0.0	5000.0	0.0
04:15	0.0	0.0	0.0	0.0	5000.0	0.0
04:20	0.0	0.0	0.0	0.0	5000.0	0.0
04:25	0.0	0.0	0.0	0.0	5000.0	0.0
04:30	0.0	0.0	0.0	0.0	5000.0	0.0
04:35	0.0	0.0	0.0	0.0	5000.0	0.0
04:40	0.0	0.0	0.0	0.0	5000.0	0.0
04:45	0.0	0.0	0.0	0.0	5000.0	0.0
04:50	0.0	0.0	0.0	0.0	5000.0	0.0
04:55	0.0	0.0	0.0	0.0	5000.0	0.0
05:00	0.0	0.0	0.0	0.0	5000.0	0.0
05:05	0.0	0.0	0.0	0.0	5000.0	0.0
05:10	0.0	0.0	0.0	0.0	5000.0	0.0
05:15	0.0	0.0	0.0	0.0	5000.0	0.0
05:20	0.0	0.0	0.0	0.0	5000.0	0.0
05:25	0.0	0.0	0.0	0.0	5000.0	0.0
05:30	0.0	0.0	0.0	0.0	5000.0	0.0
05:35	0.0	0.0	0.0	0.0	5000.0	0.0
05:40	0.0	0.0	0.0	0.0	5000.0	0.0
05:45	0.0	0.0	0.0	0.0	5000.0	0.0
05:50	0.0	0.0	0.0	0.0	5000.0	0.0
05:55	0.0	0.0	0.0	0.0	5000.0	0.0
06:00	0.0	0.0	0.0	0.0	5000.0	0.0
06:05	0.0	0.0	0.0	0.0	5000.0	0.0
06:10	0.0	0.0	0.0	0.0	5000.0	0.0
06:15	0.0	0.0	0.0	0.0	5000.0	0.0
06:20	5.0	9.0	5.0	0.0	4981.0	0.0
06:25	6.0	42.0	55.0	0.0	4897.0	1.0
06:30	35.0	84.0	199.0	8.0	4674.0	2.0
06:35	34.0	157.0	410.0	16.0	4383.0	2.0
06:40	75.0	189.0	653.0	38.0	4045.0	3.0
06:45	124.0	249.0	929.0	54.0	3644.0	4.0
06:50	156.0	346.0	1286.0	66.0	3146.0	2.0
06:55	285.0	282.0	1581.0	112.0	2740.0	4.0
07:00	322.0	326.0	1751.0	117.0	2484.0	3.0
07:05	457.0	355.0	1856.0	136.0	2196.0	6.0
07:10	540.0	356.0	2020.0	144.0	1940.0	1.0
07:15	637.0	331.0	2075.0	140.0	1817.0	3.0
07:20	670.0	323.0	2107.0	176.0	1724.0	2.0
07:25	792.0	317.0	2103.0	169.0	1619.0	4.0
07:30	914.0	307.0	2068.0	169.0	1542.0	4.0
07:35	1011.0	361.0	2129.0	163.0	1336.0	4.0
07:40	1125.0	328.0	2181.0	171.0	1195.0	0.0
07:45	1271.0	290.0	2127.0	176.0	1136.0	6.0
07:50	1423.0	305.0	2078.0	168.0	1026.0	1.0
07:55	1548.0	321.0	2056.0	153.0	922.0	2.0
08:00	1586.0	386.0	2040.0	171.0	817.0	3.0
08:05	1596.0	382.0	2137.0	150.0	735.0	3.0
08:10	1656.0	352.0	2297.0	169.0	526.0	1.0
08:15	1625.0	370.0	2305.0	161.0	539.0	4.0
08:20	1654.0	387.0	2370.0	166.0	423.0	2.0
08:25	1616.0	367.0	2449.0	161.0	407.0	2.0
08:30	1446.0	348.0	2490.0	192.0	524.0	0.0
08:35	1107.0	385.0	2485.0	193.0	830.0	3.0
08:40	587.0	374.0	2543.0	207.0	1289.0	2.0
08:45	305.0	190.0	2423.0	191.0	1891.0	1.0
08:50	162.0	132.0	1944.0	168.0	2594.0	0.0
08:55	87.0	81.0	1437.0	119.0	3276.0	0.0
09:00	79.0	45.0	982.0	93.0	3801.0	0.0
09:05	61.0	25.0	654.0	75.0	4185.0	0.0
09:10	40.0	25.0	441.0	41.0	4453.0	0.0
09:15	34.0	9.0	308.0	38.0	4611.0	0.0
09:20	24.0	12.0	217.0	17.0	4730.0	0.0
09:25	14.0	10.0	152.0	19.0	4805.0	0.0
09:30	19.0	7.0	101.0	11.0	4862.0	0.0
09:35	15.0	3.0	77.0	4.0	4901.0	0.0
09:40	3.0	2.0	58.0	5.0	4932.0	0.0
09:45	2.0	0.0	40.0	5.0	4953.0	0.0
09:50	2.0	1.0	25.0	3.0	4969.0	0.0
09:55	2.0	1.0	18.0	1.0	4978.0	0.0
10:00	5.0	0.0	10.0	1.0	4984.0	0.0
10:05	5.0	0.0	5.0	1.0	4989.0	0.0
10:10	2.0	2.0	4.0	1.0	4991.0	0.0
10:15	1.0	0.0	4.0	1.0	4994.0	0.0
10:20	0.0	1.0	3.0	1.0	4995.0	0.0
10:25	1.0	0.0	3.0	0.0	4996.0	0.0
10:30	0.0	1.0	2.0	0.0	4997.0	0.0
10:35	1.0	0.0	2.0	0.0	4997.0	0.0
10:40	1.0	0.0	2.0	0.0	4997.0	0.0
10:45	0.0	0.0	2.0	0.0	4998.0	0.0
10:50	0.0	0.0	0.0	0.0	5000.0	0.0
10:55	0.0	0.0	0.0	0.0	5000.0	0.0
11:00	0.0	0.0	0.0	0.0	5000.0	0.0
11:05	0.0	0.0	0.0	0.0	5000.0	0.0
11:10	0.0	0.0	0.0	0.0	5000.0	0.0
11:15	0.0	0.0	0.0	0.0	5000.0	0.0
11:20	0.0	0.0	0.0	0.0	5000.0	0.0
11:25	0.0	0.0	0.0	0.0	5000.0	0.0
11:30	0.0	0.0	0.0	0.0	5000.0	0.0
11:35	0.0	0.0	0.0	0.0	5000.0	0.0
11:40	0.0	0.0	0.0	0.0	5000.0	0.0
11:45	0.0	0.0	0.0	0.0	5000.0	0.0
11:50	0.0	0.0	0.0	0.0	5000.0	0.0
11:55	0.0	0.0	0.0	0.0	5000.0	0.0
12:00	0.0	0.0	0.0	0.0	5000.0	0.0
12:05	0.0	0.0	0.0	0.0	5000.0	0.0
12:10	0.0	0.0	0.0	0.0	5000.0	0.0
12:15	0.0	0.0	0.0	0.0	5000.0	0.0
12:20	0.0	0.0	0.0	0.0	5000.0	0.0
12:25	0.0	0.0	0.0	0.0	5000.0	0.0
12:30	0.0	0.0	0.0	0.0	5000.0	0.0
12:35	0.0	0.0	0.0	0.0	5000.0	0.0
12:40	0.0	0.0	0.0	0.0	5000.0	0.0
12:45	0.0	0.0	0.0	0.0	5000.0	0.0
12:50	0.0	0.0	0.0	0.0	5000.0	0.0
12:55	0.0	0.0	0.0	0.0	5000.0	0.0
13:00	0.0	0.0	0.0	0.0	5000.0	0.0
13:05	0.0	0.0	0.0	0.0	5000.0	0.0
13:10	0.0	0.0	0.0	0.0	5000.0	0.0
13:15	0.0	0.0	0.0	0.0	5000.0	0.0
13:20	0.0	0.0	0.0	0.0	5000.0	0.0
13:25	0.0	0.0	0.0	0.0	5000.0	0.0
13:30	0.0	0.0	0.0	0.0	5000.0	0.0
13:35	0.0	0.0	0.0	0.0	5000.0	0.0
13:40	0.0	0.0	0.0	0.0	5000.0	0.0
13:45	0.0	0.0	0.0	0.0	5000.0	0.0
13:50	0.0	0.0	0.0	0.0	5000.0	0.0
13:55	0.0	1.0	0.0	0.0	4999.0	0.0
14:00	2.0	10.0	7.0	0.0	4981.0	0.0
14:05	3.0	12.0	36.0	0.0	4949.0	0.0
14:10	7.0	28.0	74.0	0.0	4891.0	0.0
14:15	9.0	48.0	119.0	4.0	4820.0	0.0
14:20	10.0	62.0	186.0	11.0	4731.0	0.0
14:25	21.0	91.0	292.0	15.0	4581.0	1.0
14:30	31.0	108.0	429.0	29.0	4403.0	0.0
14:35	30.0	139.0	585.0	24.0	4222.0	1.0
14:40	42.0	177.0	716.0	45.0	4020.0	1.0
14:45	58.0	177.0	876.0	76.0	3813.0	2.0
14:50	88.0	208.0	999.0	75.0	3630.0	1.0
14:55	132.0	272.0	1131.0	79.0	3386.0	3.0
15:00	184.0	266.0	1343.0	102.0	3105.0	1.0
15:05	252.0	306.0	1482.0	104.0	2856.0	1.0
15:10	350.0	277.0	1653.0	111.0	2609.0	1.0
15:15	449.0	300.0	1677.0	146.0	2428.0	3.0
15:20	611.0	276.0	1711.0	160.0	2242.0	1.0
15:25	694.0	312.0	1780.0	133.0	2081.0	7.0
15:30	817.0	315.0	1880.0	156.0	1832.0	2.0
15:35	841.0	348.0	1960.0	137.0	1714.0	2.0
15:40	909.0	316.0	2050.0	137.0	1588.0	2.0
15:45	1018.0	339.0	2022.0	147.0	1474.0	2.0
15:50	1169.0	300.0	2041.0	161.0	1329.0	4.0
15:55	1202.0	357.0	2019.0	166.0	1256.0	2.0
16:00	1172.0	360.0	2116.0	150.0	1202.0	3.0
16:05	1142.0	344.0	2165.0	169.0	1180.0	2.0
16:10	1139.0	338.0	2185.0	176.0	1162.0	1.0
16:15	1066.0	393.0	2168.0	167.0	1206.0	3.0
16:20	977.0	338.0	2216.0	180.0	1289.0	0.0
16:25	916.0	291.0	2192.0	194.0	1407.0	5.0
16:30	741.0	315.0	2177.0	176.0	1591.0	2.0
16:35	685.0	265.0	2081.0	162.0	1807.0	2.0
16:40	598.0	223.0	1935.0	148.0	2096.0	3.0
16:45	467.0	194.0	1768.0	150.0	2421.0	3.0
16:50	362.0	189.0	1562.0	170.0	2717.0	2.0
16:55	291.0	124.0	1387.0	99.0	3099.0	0.0
17:00	233.0	106.0	1171.0	112.0	3378.0	0.0
17:05	187.0	90.0	974.0	80.0	3669.0	0.0
17:10	156.0	68.0	793.0	65.0	3918.0	0.0
17:15	125.0	65.0	653.0	57.0	4100.0	0.0
17:20	121.0	39.0	525.0	53.0	4262.0	0.0
17:25	101.0	28.0	423.0	37.0	4411.0	0.0
17:30	96.0	34.0	329.0	29.0	4512.0	1.0
17:35	97.0	19.0	270.0	25.0	4589.0	1.0
17:40	60.0	24.0	255.0	13.0	4648.0	0.0
17:45	63.0	11.0	231.0	17.0	4678.0	0.0
17:50	75.0	8.0	187.0	10.0	4720.0	0.0
17:55	65.0	25.0	157.0	13.0	4740.0	0.0
18:00	56.0	16.0	151.0	7.0	4770.0	0.0
18:05	48.0	18.0	130.0	6.0	4798.0	0.0
18:10	45.0	15.0	115.0	6.0	4819.0	0.0
18:15	31.0	9.0	113.0	11.0	4836.0	0.0
18:20	26.0	11.0	93.0	6.0	4864.0	0.0
18:25	16.0	10.0	87.0	5.0	4882.0	0.0
18:30	6.0	8.0	73.0	4.0	4909.0	0.0
18:35	9.0	2.0	53.0	5.0	4931.0	0.0
18:40	8.0	5.0	42.0	5.0	4940.0	0.0
18:45	2.0	4.0	33.0	4.0	4957.0	0.0
18:50	5.0	0.0	20.0	4.0	4971.0	0.0
18:55	3.0	3.0	13.0	0.0	4981.0	0.0
19:00	2.0	1.0	13.0	1.0	4983.0	0.0
19:05	2.0	1.0	12.0	1.0	4984.0	0.0
19:10	1.0	2.0	11.0	0.0	4986.0	0.0
19:15	1.0	0.0	6.0	1.0	4992.0	0.0
19:20	2.0	0.0	3.0	1.0	4994.0	0.0
19:25	3.0	0.0	3.0	0.0	4994.0	0.0
19:30	2.0	1.0	3.0	0.0	4994.0	0.0
19:35	1.0	0.0	4.0	1.0	4994.0	0.0
19:40	0.0	0.0	4.0	0.0	4996.0	0.0
19:45	0.0	0.0	2.0	0.0	4998.0	0.0
19:50	0.0	0.0	0.0	1.0	4999.0	0.0
19:55	0.0	0.0	0.0	0.0	5000.0	0.0
20:00	2.0	0.0	0.0	0.0	4998.0	0.0
20:05	2.0	1.0	0.0	0.0	4997.0	0.0
20:10	0.0	1.0	2.0	0.0	4997.0	0.0
20:15	0.0	0.0	3.0	0.0	4997.0	0.0
20:20	0.0	0.0	2.0	1.0	4997.0	0.0
20:25	1.0	0.0	1.0	0.0	4998.0	0.0
20:30	1.0	0.0	1.0	0.0	4998.0	0.0
20:35	0.0	0.0	1.0	0.0	4999.0	0.0
20:40	1.0	0.0	1.0	0.0	4998.0	0.0
20:45	0.0	1.0	0.0	0.0	4999.0	0.0
20:50	0.0	0.0	1.0	0.0	4999.0	0.0
20:55	0.0	0.0	1.0	0.0	4999.0	0.0
21:00	0.0	0.0	1.0	0.0	4999.0	0.0
21:05	0.0	0.0	1.0	0.0	4999.0	0.0
21:10	0.0	0.0	0.0	0.0	5000.0	0.0
21:15	0.0	0.0	0.0	0.0	5000.0	0.0
21:20	0.0	0.0	0.0	0.0	5000.0	0.0
21:25	0.0	0.0	0.0	0.0	5000.0	0.0
21:30	0.0	0.0	0.0	0.0	5000.0	0.0
21:35	0.0	0.0	0.0	0.0	5000.0	0.0
21:40	0.0	0.0	0.0	0.0	5000.0	0.0
21:45	0.0	0.0	0.0	0.0	5000.0	0.0
21:50	0.0	0.0	0.0	0.0	5000.0	0.0
21:55	0.0	0.0	0.0	0.0	5000.0	0.0
22:00	0.0	0.0	0.0	0.0	5000.0	0.0
22:05	0.0	0.0	0.0	0.0	5000.0	0.0
22:10	0.0	0.0	0.0	0.0	5000.0	0.0
22:15	0.0	0.0	0.0	0.0	5000.0	0.0
22:20	0.0	0.0	0.0	0.0	5000.0	0.0
22:25	0.0	0.0	0.0	0.0	5000.0	0.0
22:30	0.0	0.0	0.0	0.0	5000.0	0.0
22:35	0.0	0.0	0.0	0.0	5000.0	0.0
22:40	0.0	0.0	0.0	0.0	5000.0	0.0
22:45	0.0	0.0	0.0	0.0	5000.0	0.0
22:50	0.0	0.0	0.0	0.0	5000.0	0.0
22:55	0.0	0.0	0.0	0.0	5000.0	0.0
23:00	0.0	0.0	0.0	0.0	5000.0	0.0
23:05	0.0	0.0	0.0	0.0	5000.0	0.0
23:10	0.0	0.0	0.0	0.0	5000.0	0.0
23:15	0.0	0.0	0.0	0.0	5000.0	0.0
23:20	0.0	0.0	0.0	0.0	5000.0	0.0
23:25	0.0	0.0	0.0	0.0	5000.0	0.0
23:30	0.0	0.0	0.0	0.0	5000.0	0.0
23:35	0.0	0.0	0.0	0.0	5000.0	0.0
23:40	0.0	0.0	0.0	0.0	5000.0	0.0
23:45	0.0	0.0	0.0	0.0	5000.0	0.0
23:50	0.0	0.0	0.0	0.0	5000.0	0.0
23:55	0.0	0.0	0.0	0.0	5000.0	0.0
24:00	0.0	0.0	0.0	0.0	5000.0	0.0
