Passenger Wait Time [min]
hour	0.00+	2.50+	5.00+	7.50+	10.00+	12.50+	15.00+	17.50+	20.00+	22.50+	25.00+	27.50+	30.00+	32.50+	35.00+	37.50+	40.00+	42.50+	45.00+	47.50+	50.00+	52.50+	55.00+	57.50+	60.00+
0	0	0	0	0	0	0	0	0	0	0	0	0	0	0	0	0	0	0	0	0	0	0	0	0	0
1	0	0	0	0	0	0	0	0	0	0	0	0	0	0	0	0	0	0	0	0	0	0	0	0	0
2	0	0	0	0	0	0	0	0	0	0	0	0	0	0	0	0	0	0	0	0	0	0	0	0	0
3	0	0	0	0	0	0	0	0	0	0	0	0	0	0	0	0	0	0	0	0	0	0	0	0	0
4	0	0	0	0	0	0	0	0	0	0	0	0	0	0	0	0	0	0	0	0	0	0	0	0	0
5	0	0	0	0	0	0	0	0	0	0	0	0	0	0	0	0	0	0	0	0	0	0	0	0	0
6	3646	330	139	77	18	1	0	2	0	0	0	0	0	0	0	0	0	0	0	0	0	0	0	0	0
7	3022	2747	1857	1346	807	635	353	169	66	40	5	2	0	0	0	0	0	0	0	0	0	0	0	0	0
8	1204	1595	1330	978	708	593	395	203	87	47	23	4	12	2	0	0	0	0	0	0	0	0	0	0	0
9	43	72	13	58	14	2	0	0	0	0	0	0	0	0	0	0	0	0	0	0	0	0	0	0	0
10	0	0	2	0	2	0	0	0	0	0	0	0	0	0	0	0	0	0	0	0	0	0	0	0	0
11	0	0	0	0	0	0	0	0	0	0	0	0	0	0	0	0	0	0	0	0	0	0	0	0	0
12	0	0	0	0	0	0	0	0	0	0	0	0	0	0	0	0	0	0	0	0	0	0	0	0	0
13	18	1	0	0	0	0	0	0	0	0	0	0	0	0	0	0	0	0	0	0	0	0	0	0	0
14	3624	247	51	10	1	0	0	0	0	0	0	0	0	0	0	0	0	0	0	0	0	0	0	0	0
15	3451	3147	1694	811	702	358	171	35	15	54	7	0	0	0	0	0	0	0	0	0	0	0	0	0	0
16	1816	2015	1428	750	586	283	159	32	11	38	19	0	0	0	0	0	0	0	0	0	0	0	0	0	0
17	161	203	320	189	72	19	5	1	0	0	0	0	0	0	0	0	0	0	0	0	0	0	0	0	0
18	1	22	75	19	11	0	0	1	1	2	0	0	0	0	0	0	0	0	0	0	0	0	0	0	0
19	0	0	10	0	0	0	0	0	0	0	0	0	0	0	0	0	0	0	0	0	0	0	0	0	0
20	0	0	3	0	0	0	0	0	0	0	0	0	0	0	0	0	0	0	0	0	0	0	0	0	0
21	0	0	0	0	0	0	0	0	0	0	0	0	0	0	0	0	0	0	0	0	0	0	0	0	0
22	0	0	0	0	0	0	0	0	0	0	0	0	0	0	0	0	0	0	0	0	0	0	0	0	0
23	0	0	0	0	0	0	0	0	0	0	0	0	0	0	0	0	0	0	0	0	0	0	0	0	0
daily	16986	10379	6922	4238	2921	1891	1083	443	180	181	54	6	12	2	0	0	0	0	0	0	0	0	0	0	0

Vehicle Empty Drive Ratio
hour	0.00+	0.05+	0.10+	0.15+	0.20+	0.25+	0.30+	0.35+	0.40+	0.45+	0.50+	0.55+	0.60+	0.65+	0.70+	0.75+	0.80+	0.85+	0.90+	0.95+
0	0	0	0	0	0	0	0	0	0	0	0	0	0	0	0	0	0	0	0	0
1	0	0	0	0	0	0	0	0	0	0	0	0	0	0	0	0	0	0	0	0
2	0	0	0	0	0	0	0	0	0	0	0	0	0	0	0	0	0	0	0	0
3	0	0	0	0	0	0	0	0	0	0	0	0	0	0	0	0	0	0	0	0
4	0	0	0	0	0	0	0	0	0	0	0	0	0	0	0	0	0	0	0	0
5	0	0	0	0	0	0	0	0	0	0	0	0	0	0	0	0	0	0	0	0
6	1288	445	354	227	195	129	79	70	58	29	34	33	10	11	17	15	13	10	11	284
7	272	256	325	456	504	551	553	505	411	349	262	163	112	78	56	34	19	16	10	41
8	278	176	302	357	446	540	610	617	537	420	253	157	82	56	26	17	10	6	2	3
9	996	17	27	27	31	27	17	20	11	5	25	6	0	7	4	3	2	0	1	2
10	11	0	0	1	0	0	1	0	1	1	0	1	0	2	0	1	0	0	0	0
11	0	0	0	0	0	0	0	0	0	0	0	0	0	0	0	0	0	0	0	0
12	0	0	0	0	0	0	0	0	0	0	0	0	0	0	0	0	0	0	0	0
13	5	0	1	0	0	0	0	0	0	0	0	0	0	0	1	0	0	0	0	5
14	1765	330	278	190	141	80	58	43	27	24	18	8	8	5	4	6	7	4	3	132
15	405	209	358	452	520	560	524	461	322	263	164	118	76	43	40	22	17	9	7	120
16	530	195	342	443	539	598	505	424	334	211	118	66	39	17	11	2	0	0	0	2
17	1038	62	82	96	101	83	92	63	70	37	21	14	11	3	7	3	5	1	1	25
18	127	4	10	15	21	21	10	16	7	7	12	4	4	0	0	0	0	0	0	1
19	14	0	1	0	1	2	1	2	1	2	0	0	0	0	0	0	0	0	0	0
20	0	0	0	1	0	1	1	1	0	1	0	0	0	0	0	0	0	0	0	0
21	1	0	0	0	0	0	0	0	0	0	0	0	0	0	0	0	0	0	0	0
22	0	0	0	0	0	0	0	0	0	0	0	0	0	0	0	0	0	0	0	0
23	0	0	0	0	0	0	0	0	0	0	0	0	0	0	0	0	0	0	0	0
daily	14	51	187	481	950	1343	1250	546	150	27	1	0	0	0	0	0	0	0	0	0

Vehicle Wait Ratio
hour	0.00+	0.05+	0.10+	0.15+	0.20+	0.25+	0.30+	0.35+	0.40+	0.45+	0.50+	0.55+	0.60+	0.65+	0.70+	0.75+	0.80+	0.85+	0.90+	0.95+
0	0	0	0	0	0	0	0	0	0	0	0	0	0	0	0	0	0	0	0	5000
1	0	0	0	0	0	0	0	0	0	0	0	0	0	0	0	0	0	0	0	5000
2	0	0	0	0	0	0	0	0	0	0	0	0	0	0	0	0	0	0	0	5000
3	0	0	0	0	0	0	0	0	0	0	0	0	0	0	0	0	0	0	0	5000
4	0	0	0	0	0	0	0	0	0	0	0	0	0	0	0	0	0	0	0	5000
5	0	0	0	0	0	0	0	0	0	0	0	0	0	0	0	0	0	0	0	5000
6	0	0	0	0	0	1	3	8	19	34	80	127	200	342	387	538	537	472	345	1907
7	792	369	421	381	357	344	392	348	291	319	234	168	148	168	93	77	49	17	3	29
8	929	439	482	478	470	468	398	313	305	190	119	65	55	45	28	37	32	20	15	112
9	3	1	2	4	4	2	11	14	26	27	44	53	57	78	98	93	143	187	227	3926
10	0	0	0	0	0	0	1	0	1	0	1	1	0	2	2	1	2	2	3	4984
11	0	0	0	0	0	0	0	0	0	0	0	0	0	0	0	0	0	0	0	5000
12	0	0	0	0	0	0	0	0	0	0	0	0	0	0	0	0	0	0	0	5000
13	0	0	0	0	0	0	0	0	0	0	0	0	0	0	0	0	0	0	5	4995
14	0	0	0	2	1	7	6	19	30	44	74	129	200	262	362	499	520	484	340	2021
15	507	312	317	341	346	357	336	305	329	269	245	194	178	178	138	107	98	62	35	346
16	991	440	320	340	268	275	265	218	218	148	143	121	129	117	105	84	82	50	37	649
17	78	23	28	24	23	37	57	65	68	56	95	92	106	108	141	151	183	175	179	3311
18	3	5	4	7	6	9	16	12	13	17	17	12	19	15	18	14	14	24	19	4756
19	0	0	0	0	0	0	0	0	0	0	2	1	3	4	3	4	2	2	3	4976
20	0	0	0	0	0	0	0	0	1	0	0	0	2	2	0	0	0	0	0	4995
21	0	0	0	0	0	0	0	0	0	0	0	0	0	0	0	0	0	1	0	4999
22	0	0	0	0	0	0	0	0	0	0	0	0	0	0	0	0	0	0	0	5000
23	0	0	0	0	0	0	0	0	0	0	0	0	0	0	0	0	0	0	0	5000
daily	0	0	0	0	0	0	0	0	0	0	0	0	0	0	1	74	1341	2816	756	12

Vehicle Wait Ratio Counts
hour	0.00+	0.01+	0.25+	0.50+	0.75+	1.00+
0	0	0	0	0	0	5000
1	0	0	0	0	0	5000
2	0	0	0	0	0	5000
3	0	0	0	0	0	5000
4	0	0	0	0	0	5000
5	0	0	0	0	0	5000
6	0	0	65	1136	2160	1639
7	326	1994	1694	811	148	27
8	469	2329	1674	312	116	100
9	1	13	80	330	890	3686
10	0	0	2	6	12	4980
11	0	0	0	0	0	5000
12	0	0	0	0	0	5000
13	0	0	0	0	19	4981
14	0	3	106	1027	2093	1771
15	154	1669	1596	933	346	302
16	302	2057	1124	615	290	612
17	26	150	283	542	879	3120
18	0	25	67	81	93	4734
19	0	0	0	13	12	4975
20	0	0	1	4	0	4995
21	0	0	0	0	1	4999
22	0	0	0	0	0	5000
23	0	0	0	0	0	5000
daily	0	0	0	1	4999	0

