pattern	0+	5+	10+	15+	20+	25+	30+	35+	40+	45+	50+	55+	60+
TaxiPickup---TaxiDropoff	6863	13986	9673	6314	4027	2215	984	775	242	165	44	10	0
TaxiStay---TaxiPickup	22115	11643	4316	1198	243	43	5	1	0	0	0	0	0
home---taxi interaction	12809	3818	1787	1221	1014	547	301	275	250	227	154	131	115
home---work	10	21	24	14	15	4	6	6	0	0	0	0	3
taxi interaction---home	12809	3818	1787	1221	1014	547	301	275	250	227	154	131	115
taxi interaction---taxi interaction	279	4904	9840	9622	7388	5519	3668	1856	1177	530	294	149	72
taxi interaction---work	8428	6182	2576	1454	721	471	268	387	395	230	172	126	1239
work---home	10	21	24	14	15	4	6	6	0	0	0	0	3
work---taxi interaction	8428	6182	2576	1454	721	471	268	387	395	230	172	126	1239

average trip duration: 769.0506059865497 seconds = 00:12:49
