Passenger Wait Time [s]
hour	n	avg	sd		min	2%ile	5%ile	25%ile	50%ile	75%ile	95%ile	98%ile	max
0	0	NaN	NaN		NaN	NaN	NaN	NaN	NaN	NaN	NaN	NaN	NaN
1	0	NaN	NaN		NaN	NaN	NaN	NaN	NaN	NaN	NaN	NaN	NaN
2	0	NaN	NaN		NaN	NaN	NaN	NaN	NaN	NaN	NaN	NaN	NaN
3	0	NaN	NaN		NaN	NaN	NaN	NaN	NaN	NaN	NaN	NaN	NaN
4	0	NaN	NaN		NaN	NaN	NaN	NaN	NaN	NaN	NaN	NaN	NaN
5	0	NaN	NaN		NaN	NaN	NaN	NaN	NaN	NaN	NaN	NaN	NaN
6	4293	78.4	106.7		2	2	2	2	44	101	324	435	1181
7	10987	343.2	265.0		2	2	2	140	282	493	862	1028	1558
8	7155	425.1	303.5		2	2	59	194	367	592	1004	1166	2258
9	209	295.3	203.6		2	2	2	168	230	496	677	803	834
10	5	646.8	187.7		443	443	443	443	742	803	803	803	803
11	0	NaN	NaN		NaN	NaN	NaN	NaN	NaN	NaN	NaN	NaN	NaN
12	0	NaN	NaN		NaN	NaN	NaN	NaN	NaN	NaN	NaN	NaN	NaN
13	32	20.5	45.0		2	2	2	2	2	20	168	219	219
14	3959	52.8	81.2		2	2	2	2	2	82	201	304	677
15	10349	274.8	227.2		2	2	2	115	224	375	711	834	1503
16	7161	333.1	256.9		2	2	2	148	270	454	805	975	1604
17	1010	341.5	210.9		2	2	2	188	374	466	711	819	1168
18	126	435.3	164.2		2	258	258	376	423	458	704	1052	1347
19	8	418.9	25.5		381	381	381	388	434	439	440	440	440
20	4	432.3	27.4		397	397	397	406	434	457	464	464	464
21	0	NaN	NaN		NaN	NaN	NaN	NaN	NaN	NaN	NaN	NaN	NaN
22	0	NaN	NaN		NaN	NaN	NaN	NaN	NaN	NaN	NaN	NaN	NaN
23	0	NaN	NaN		NaN	NaN	NaN	NaN	NaN	NaN	NaN	NaN	NaN
daily	45298	288.3	264.5		2	2	2	87	219	421	814	984	2258

Vehicle Empty Drive Ratio
hour	fleetAvg	avg	sd		min	2%ile	5%ile	25%ile	50%ile	75%ile	95%ile	98%ile	max
0	NaN	NaN	NaN		NaN	NaN	NaN	NaN	NaN	NaN	NaN	NaN	NaN
1	NaN	NaN	NaN		NaN	NaN	NaN	NaN	NaN	NaN	NaN	NaN	NaN
2	NaN	NaN	NaN		NaN	NaN	NaN	NaN	NaN	NaN	NaN	NaN	NaN
3	NaN	NaN	NaN		NaN	NaN	NaN	NaN	NaN	NaN	NaN	NaN	NaN
4	NaN	NaN	NaN		NaN	NaN	NaN	NaN	NaN	NaN	NaN	NaN	NaN
5	NaN	NaN	NaN		NaN	NaN	NaN	NaN	NaN	NaN	NaN	NaN	NaN
6	0.1334	0.2188	0.3022		0.000	0.000	0.000	0.000	0.100	0.260	1.000	1.000	1.000
7	0.3054	0.3180	0.1886		0.000	0.000	0.040	0.188	0.300	0.426	0.632	0.799	1.000
8	0.3156	0.3132	0.1622		0.000	0.000	0.023	0.202	0.318	0.420	0.570	0.649	1.000
9	0.0947	0.0647	0.1490		0.000	0.000	0.000	0.000	0.000	0.000	0.423	0.573	1.000
10	0.2970	0.1937	0.2894		0.000	0.000	0.000	0.000	0.000	0.432	0.813	0.824	0.824
11	NaN	NaN	NaN		NaN	NaN	NaN	NaN	NaN	NaN	NaN	NaN	NaN
12	NaN	NaN	NaN		NaN	NaN	NaN	NaN	NaN	NaN	NaN	NaN	NaN
13	0.0997	0.1725	0.3259		0.000	0.000	0.000	0.000	0.039	0.091	1.000	1.000	1.000
14	0.0886	0.1307	0.2331		0.000	0.000	0.000	0.000	0.028	0.154	0.773	1.000	1.000
15	0.2771	0.2850	0.1822		0.000	0.000	0.000	0.163	0.274	0.383	0.586	0.728	1.000
16	0.2753	0.2569	0.1542		0.000	0.000	0.000	0.154	0.261	0.359	0.497	0.570	1.000
17	0.1845	0.1305	0.1902		0.000	0.000	0.000	0.000	0.000	0.237	0.488	0.601	1.000
18	0.2273	0.1701	0.2035		0.000	0.000	0.000	0.000	0.081	0.309	0.532	0.641	1.000
19	0.1734	0.1202	0.1900		0.000	0.000	0.000	0.000	0.000	0.305	0.555	0.585	0.585
20	0.2911	0.2831	0.2204		0.000	0.000	0.000	0.006	0.375	0.469	0.474	0.474	0.474
21	0.0000	0.0000	0.0000		0.000	0.000	0.000	0.000	0.000	0.000	0.000	0.000	0.000
22	NaN	NaN	NaN		NaN	NaN	NaN	NaN	NaN	NaN	NaN	NaN	NaN
23	NaN	NaN	NaN		NaN	NaN	NaN	NaN	NaN	NaN	NaN	NaN	NaN
daily	0.2702	0.2684	0.0697		0.000	0.116	0.150	0.224	0.273	0.316	0.376	0.404	0.538

Vehicle Wait Ratio
hour	fleetAvg	avg	sd		min	2%ile	5%ile	25%ile	50%ile	75%ile	95%ile	98%ile	max
0	1.0000	1.0000	0.0000		1.000	1.000	1.000	1.000	1.000	1.000	1.000	1.000	1.000
1	1.0000	1.0000	0.0000		1.000	1.000	1.000	1.000	1.000	1.000	1.000	1.000	1.000
2	1.0000	1.0000	0.0000		1.000	1.000	1.000	1.000	1.000	1.000	1.000	1.000	1.000
3	1.0000	1.0000	0.0000		1.000	1.000	1.000	1.000	1.000	1.000	1.000	1.000	1.000
4	1.0000	1.0000	0.0000		1.000	1.000	1.000	1.000	1.000	1.000	1.000	1.000	1.000
5	1.0000	1.0000	0.0000		1.000	1.000	1.000	1.000	1.000	1.000	1.000	1.000	1.000
6	0.8496	0.8496	0.1503		0.181	0.503	0.569	0.744	0.870	1.000	1.000	1.000	1.000
7	0.3143	0.3143	0.2353		0.000	0.003	0.007	0.111	0.286	0.476	0.751	0.826	1.000
8	0.2779	0.2779	0.2313		0.000	0.001	0.004	0.101	0.238	0.390	0.758	1.000	1.000
9	0.9469	0.9469	0.1288		0.000	0.499	0.654	0.999	1.000	1.000	1.000	1.000	1.000
10	0.9990	0.9990	0.0192		0.354	1.000	1.000	1.000	1.000	1.000	1.000	1.000	1.000
11	1.0000	1.0000	0.0000		1.000	1.000	1.000	1.000	1.000	1.000	1.000	1.000	1.000
12	1.0000	1.0000	0.0000		1.000	1.000	1.000	1.000	1.000	1.000	1.000	1.000	1.000
13	0.9995	0.9995	0.0070		0.815	1.000	1.000	1.000	1.000	1.000	1.000	1.000	1.000
14	0.8553	0.8553	0.1540		0.105	0.467	0.566	0.755	0.883	1.000	1.000	1.000	1.000
15	0.3934	0.3934	0.2866		0.001	0.006	0.017	0.165	0.345	0.568	1.000	1.000	1.000
16	0.3880	0.3880	0.3460		0.000	0.003	0.008	0.083	0.281	0.642	1.000	1.000	1.000
17	0.8700	0.8700	0.2320		0.001	0.096	0.331	0.820	1.000	1.000	1.000	1.000	1.000
18	0.9801	0.9801	0.1049		0.008	0.548	0.985	1.000	1.000	1.000	1.000	1.000	1.000
19	0.9987	0.9987	0.0213		0.524	1.000	1.000	1.000	1.000	1.000	1.000	1.000	1.000
20	0.9996	0.9996	0.0117		0.521	1.000	1.000	1.000	1.000	1.000	1.000	1.000	1.000
21	1.0000	1.0000	0.0029		0.798	1.000	1.000	1.000	1.000	1.000	1.000	1.000	1.000
22	1.0000	1.0000	0.0000		1.000	1.000	1.000	1.000	1.000	1.000	1.000	1.000	1.000
23	1.0000	1.0000	0.0000		1.000	1.000	1.000	1.000	1.000	1.000	1.000	1.000	1.000
daily	0.8697	0.8697	0.0309		0.753	0.806	0.821	0.848	0.869	0.891	0.921	0.931	0.965

Total duration of tasks by type [h]
hour	EMPTY_DRIVE	PICKUP	OCCUPIED_DRIVE	DROPOFF	STAY	all
0	0.00	0.00	0.00	0.00	5000.00	5000.00
1	0.00	0.00	0.00	0.00	5000.00	5000.00
2	0.00	0.00	0.00	0.00	5000.00	5000.00
3	0.00	0.00	0.00	0.00	5000.00	5000.00
4	0.00	0.00	0.00	0.00	5000.00	5000.00
5	0.00	0.00	0.00	0.00	5000.00	5000.00
6	79.35	126.32	515.67	30.48	4248.18	5000.00
7	900.11	324.90	2046.78	156.74	1571.47	5000.00
8	994.16	292.51	2155.52	168.35	1389.46	5000.00
9	22.07	10.96	211.04	21.53	4734.39	5000.00
10	1.33	0.27	3.14	0.38	4994.88	5000.00
11	0.00	0.00	0.00	0.00	5000.00	5000.00
12	0.00	0.00	0.00	0.00	5000.00	5000.00
13	0.13	0.89	1.19	0.05	4997.74	5000.00
14	50.17	121.38	516.22	35.88	4276.36	5000.00
15	712.92	315.77	1860.26	144.26	1966.79	5000.00
16	726.49	268.93	1912.25	152.15	1940.18	5000.00
17	105.11	40.90	464.67	39.26	4350.06	5000.00
18	19.85	6.64	67.49	5.31	4900.72	5000.00
19	1.04	0.30	4.94	0.47	4993.26	5000.00
20	0.48	0.17	1.18	0.08	4998.09	5000.00
21	0.00	0.00	0.19	0.02	4999.80	5000.00
22	0.00	0.00	0.00	0.00	5000.00	5000.00
23	0.00	0.00	0.00	0.00	5000.00	5000.00
daily	3613.20	1509.93	9760.53	754.97	104361.38	120000.00

