Passenger Wait Time [min]
hour	0.00+	2.50+	5.00+	7.50+	10.00+	12.50+	15.00+	17.50+	20.00+	22.50+	25.00+	27.50+	30.00+	32.50+	35.00+	37.50+	40.00+	42.50+	45.00+	47.50+	50.00+	52.50+	55.00+	57.50+	60.00+
0	0	0	0	0	0	0	0	0	0	0	0	0	0	0	0	0	0	0	0	0	0	0	0	0	0
1	0	0	0	0	0	0	0	0	0	0	0	0	0	0	0	0	0	0	0	0	0	0	0	0	0
2	0	0	0	0	0	0	0	0	0	0	0	0	0	0	0	0	0	0	0	0	0	0	0	0	0
3	0	0	0	0	0	0	0	0	0	0	0	0	0	0	0	0	0	0	0	0	0	0	0	0	0
4	0	0	0	0	0	0	0	0	0	0	0	0	0	0	0	0	0	0	0	0	0	0	0	0	0
5	0	0	0	0	0	0	0	0	0	0	0	0	0	0	0	0	0	0	0	0	0	0	0	0	0
6	3660	393	167	59	12	0	0	2	0	0	0	0	0	0	0	0	0	0	0	0	0	0	0	0	0
7	2958	2845	1943	1415	811	547	283	137	36	10	2	0	0	0	0	0	0	0	0	0	0	0	0	0	0
8	1267	1678	1470	1007	601	495	364	156	55	34	17	5	2	3	0	1	0	0	0	0	0	0	0	0	0
9	47	81	17	49	10	5	0	0	0	0	0	0	0	0	0	0	0	0	0	0	0	0	0	0	0
10	0	0	2	0	1	2	0	0	0	0	0	0	0	0	0	0	0	0	0	0	0	0	0	0	0
11	0	0	0	0	0	0	0	0	0	0	0	0	0	0	0	0	0	0	0	0	0	0	0	0	0
12	0	0	0	0	0	0	0	0	0	0	0	0	0	0	0	0	0	0	0	0	0	0	0	0	0
13	31	1	0	0	0	0	0	0	0	0	0	0	0	0	0	0	0	0	0	0	0	0	0	0	0
14	3588	291	47	31	2	0	0	0	0	0	0	0	0	0	0	0	0	0	0	0	0	0	0	0	0
15	3386	3220	1866	816	630	279	84	20	12	35	1	0	0	0	0	0	0	0	0	0	0	0	0	0	0
16	1819	2088	1443	747	571	270	124	22	16	43	18	0	0	0	0	0	0	0	0	0	0	0	0	0	0
17	209	216	329	160	70	15	7	4	0	0	0	0	0	0	0	0	0	0	0	0	0	0	0	0	0
18	1	21	73	22	6	1	0	0	2	0	0	0	0	0	0	0	0	0	0	0	0	0	0	0	0
19	0	0	8	0	0	0	0	0	0	0	0	0	0	0	0	0	0	0	0	0	0	0	0	0	0
20	0	0	3	1	0	0	0	0	0	0	0	0	0	0	0	0	0	0	0	0	0	0	0	0	0
21	0	0	0	0	0	0	0	0	0	0	0	0	0	0	0	0	0	0	0	0	0	0	0	0	0
22	0	0	0	0	0	0	0	0	0	0	0	0	0	0	0	0	0	0	0	0	0	0	0	0	0
23	0	0	0	0	0	0	0	0	0	0	0	0	0	0	0	0	0	0	0	0	0	0	0	0	0
daily	16966	10834	7368	4307	2714	1614	862	341	121	122	38	5	2	3	0	1	0	0	0	0	0	0	0	0	0

Vehicle Empty Drive Ratio
hour	0.00+	0.05+	0.10+	0.15+	0.20+	0.25+	0.30+	0.35+	0.40+	0.45+	0.50+	0.55+	0.60+	0.65+	0.70+	0.75+	0.80+	0.85+	0.90+	0.95+
0	0	0	0	0	0	0	0	0	0	0	0	0	0	0	0	0	0	0	0	0
1	0	0	0	0	0	0	0	0	0	0	0	0	0	0	0	0	0	0	0	0
2	0	0	0	0	0	0	0	0	0	0	0	0	0	0	0	0	0	0	0	0
3	0	0	0	0	0	0	0	0	0	0	0	0	0	0	0	0	0	0	0	0
4	0	0	0	0	0	0	0	0	0	0	0	0	0	0	0	0	0	0	0	0
5	0	0	0	0	0	0	0	0	0	0	0	0	0	0	0	0	0	0	0	0
6	1228	436	347	265	188	137	94	68	48	39	38	31	22	15	11	8	11	9	8	323
7	283	267	356	492	509	579	512	502	432	304	253	170	90	72	33	25	11	7	3	77
8	317	194	292	393	486	557	593	622	468	387	261	141	70	34	23	14	8	9	3	4
9	912	33	40	26	31	30	15	18	20	7	11	8	5	6	4	3	1	0	0	1
10	14	0	0	0	1	0	1	0	1	1	0	1	0	1	0	1	1	0	0	0
11	0	0	0	0	0	0	0	0	0	0	0	0	0	0	0	0	0	0	0	0
12	0	0	0	0	0	0	0	0	0	0	0	0	0	0	0	0	0	0	0	0
13	13	6	0	0	0	0	0	0	0	0	0	0	1	0	0	1	0	0	0	2
14	1692	330	284	171	150	88	54	54	32	28	20	12	7	6	10	7	4	5	9	132
15	456	220	348	487	543	563	521	466	307	241	162	99	61	36	26	11	11	4	6	54
16	522	194	321	462	525	570	529	430	305	218	107	40	22	17	9	3	4	0	0	7
17	1033	69	100	99	93	86	92	68	59	45	27	19	5	5	4	0	1	1	2	18
18	121	6	11	11	16	17	21	9	9	10	8	1	5	0	0	1	2	0	0	1
19	18	0	0	0	0	1	3	1	1	0	1	1	0	0	0	0	0	0	0	0
20	2	0	0	0	0	0	0	2	0	2	0	0	0	0	0	0	0	0	0	0
21	1	0	0	0	0	0	0	0	0	0	0	0	0	0	0	0	0	0	0	0
22	0	0	0	0	0	0	0	0	0	0	0	0	0	0	0	0	0	0	0	0
23	0	0	0	0	0	0	0	0	0	0	0	0	0	0	0	0	0	0	0	0
daily	15	46	190	567	1081	1426	1093	471	97	13	1	0	0	0	0	0	0	0	0	0

Vehicle Wait Ratio
hour	0.00+	0.05+	0.10+	0.15+	0.20+	0.25+	0.30+	0.35+	0.40+	0.45+	0.50+	0.55+	0.60+	0.65+	0.70+	0.75+	0.80+	0.85+	0.90+	0.95+
0	0	0	0	0	0	0	0	0	0	0	0	0	0	0	0	0	0	0	0	5000
1	0	0	0	0	0	0	0	0	0	0	0	0	0	0	0	0	0	0	0	5000
2	0	0	0	0	0	0	0	0	0	0	0	0	0	0	0	0	0	0	0	5000
3	0	0	0	0	0	0	0	0	0	0	0	0	0	0	0	0	0	0	0	5000
4	0	0	0	0	0	0	0	0	0	0	0	0	0	0	0	0	0	0	0	5000
5	0	0	0	0	0	0	0	0	0	0	0	0	0	0	0	0	0	0	0	5000
6	0	0	0	2	1	2	7	13	28	45	93	156	211	304	437	493	509	445	334	1920
7	784	380	380	369	323	368	349	348	303	286	184	233	179	147	116	113	60	37	13	28
8	831	416	446	425	500	462	415	314	263	200	159	115	81	59	50	46	37	21	24	136
9	5	0	3	5	4	11	6	13	23	31	38	51	49	82	104	111	140	163	174	3987
10	0	0	0	0	0	0	0	1	1	0	0	2	0	3	4	1	0	2	5	4981
11	0	0	0	0	0	0	0	0	0	0	0	0	0	0	0	0	0	0	0	5000
12	0	0	0	0	0	0	0	0	0	0	0	0	0	0	0	0	0	0	0	5000
13	0	0	0	0	0	0	0	0	0	0	0	0	0	0	0	0	4	3	12	4981
14	0	0	2	1	2	8	16	11	36	57	80	126	212	257	393	480	490	476	316	2037
15	523	312	319	365	365	322	327	298	319	282	254	181	164	169	146	89	57	58	49	401
16	934	452	365	284	294	259	246	227	200	131	154	117	101	88	101	74	85	69	61	758
17	65	36	23	21	40	32	49	55	95	69	86	99	118	127	119	150	157	172	204	3283
18	7	3	7	8	4	7	13	15	10	13	14	14	14	16	13	20	21	10	20	4771
19	0	0	0	0	0	0	0	0	0	0	3	3	4	1	2	2	4	2	4	4975
20	0	0	0	0	0	0	0	0	0	0	1	0	2	1	1	0	0	0	1	4994
21	0	0	0	0	0	0	0	0	0	0	0	0	0	0	0	1	0	0	0	4999
22	0	0	0	0	0	0	0	0	0	0	0	0	0	0	0	0	0	0	0	5000
23	0	0	0	0	0	0	0	0	0	0	0	0	0	0	0	0	0	0	0	5000
daily	0	0	0	0	0	0	0	0	0	0	0	0	0	0	0	58	1270	2812	849	11

Vehicle Wait Ratio Counts
hour	0.00+	0.01+	0.25+	0.50+	0.75+	1.00+
0	0	0	0	0	0	5000
1	0	0	0	0	0	5000
2	0	0	0	0	0	5000
3	0	0	0	0	0	5000
4	0	0	0	0	0	5000
5	0	0	0	0	0	5000
6	0	3	95	1201	2073	1628
7	322	1914	1654	859	228	23
8	395	2223	1654	464	144	120
9	2	15	84	324	831	3744
10	0	0	2	9	15	4974
11	0	0	0	0	0	5000
12	0	0	0	0	0	5000
13	0	0	0	0	32	4968
14	0	5	128	1068	1978	1821
15	167	1717	1548	914	283	371
16	293	2036	1063	561	344	703
17	25	160	300	549	855	3111
18	1	28	58	71	96	4746
19	0	0	0	13	14	4973
20	0	0	0	5	1	4994
21	0	0	0	0	1	4999
22	0	0	0	0	0	5000
23	0	0	0	0	0	5000
daily	0	0	0	0	5000	0

