Passenger Wait Time [min]
hour	0.00+	2.50+	5.00+	7.50+	10.00+	12.50+	15.00+	17.50+	20.00+	22.50+	25.00+	27.50+	30.00+	32.50+	35.00+	37.50+	40.00+	42.50+	45.00+	47.50+	50.00+	52.50+	55.00+	57.50+	60.00+
0	0	0	0	0	0	0	0	0	0	0	0	0	0	0	0	0	0	0	0	0	0	0	0	0	0
1	0	0	0	0	0	0	0	0	0	0	0	0	0	0	0	0	0	0	0	0	0	0	0	0	0
2	0	0	0	0	0	0	0	0	0	0	0	0	0	0	0	0	0	0	0	0	0	0	0	0	0
3	0	0	0	0	0	0	0	0	0	0	0	0	0	0	0	0	0	0	0	0	0	0	0	0	0
4	0	0	0	0	0	0	0	0	0	0	0	0	0	0	0	0	0	0	0	0	0	0	0	0	0
5	0	0	0	0	0	0	0	0	0	0	0	0	0	0	0	0	0	0	0	0	0	0	0	0	0
6	2964	702	354	126	58	13	2	0	0	0	0	0	0	0	0	0	0	0	0	0	0	0	0	0	0
7	1785	2534	2248	1578	1196	917	476	199	80	32	15	0	0	0	0	0	1	0	0	0	0	0	0	0	0
8	848	1325	1318	1009	793	606	514	258	181	129	72	45	35	18	16	3	0	1	2	1	0	0	0	0	0
9	32	84	8	52	13	2	0	0	0	0	0	0	0	0	0	0	0	0	0	0	0	0	0	0	0
10	0	0	2	0	2	0	0	0	0	0	0	0	0	0	0	0	0	0	0	0	0	0	0	0	0
11	0	0	0	0	0	0	0	0	0	0	0	0	0	0	0	0	0	0	0	0	0	0	0	0	0
12	0	0	0	0	0	0	0	0	0	0	0	0	0	0	0	0	0	0	0	0	0	0	0	0	0
13	0	0	0	0	0	0	0	0	0	0	0	0	0	0	0	0	0	0	0	0	0	0	0	0	0
14	3619	187	48	10	0	0	0	0	0	0	0	0	0	0	0	0	0	0	0	0	0	0	0	0	0
15	3325	2999	1706	864	700	386	266	85	42	73	23	2	0	0	0	0	0	0	0	0	0	0	0	0	0
16	1589	1931	1341	786	615	390	275	113	87	93	38	8	7	9	5	0	0	0	0	0	0	0	0	0	0
17	85	170	326	191	84	8	6	7	14	0	0	0	0	0	0	0	0	0	0	0	0	0	0	0	0
18	1	17	71	23	7	0	0	0	1	2	0	0	0	0	0	0	0	0	0	0	0	0	0	0	0
19	0	0	11	0	0	0	0	0	0	0	0	0	0	0	0	0	0	0	0	0	0	0	0	0	0
20	0	0	2	1	0	0	0	0	0	0	0	0	0	0	0	0	0	0	0	0	0	0	0	0	0
21	0	0	0	0	0	0	0	0	0	0	0	0	0	0	0	0	0	0	0	0	0	0	0	0	0
22	0	0	0	0	0	0	0	0	0	0	0	0	0	0	0	0	0	0	0	0	0	0	0	0	0
23	0	0	0	0	0	0	0	0	0	0	0	0	0	0	0	0	0	0	0	0	0	0	0	0	0
daily	14248	9949	7435	4640	3468	2322	1539	662	405	329	148	55	42	27	21	3	1	1	2	1	0	0	0	0	0

Vehicle Empty Drive Ratio
hour	0.00+	0.05+	0.10+	0.15+	0.20+	0.25+	0.30+	0.35+	0.40+	0.45+	0.50+	0.55+	0.60+	0.65+	0.70+	0.75+	0.80+	0.85+	0.90+	0.95+
0	0	0	0	0	0	0	0	0	0	0	0	0	0	0	0	0	0	0	0	0
1	0	0	0	0	0	0	0	0	0	0	0	0	0	0	0	0	0	0	0	0
2	0	0	0	0	0	0	0	0	0	0	0	0	0	0	0	0	0	0	0	0
3	0	0	0	0	0	0	0	0	0	0	0	0	0	0	0	0	0	0	0	0
4	0	0	0	0	0	0	0	0	0	0	0	0	0	0	0	0	0	0	0	0
5	0	0	0	0	0	0	0	0	0	0	0	0	0	0	0	0	0	0	0	0
6	775	500	323	262	214	170	114	110	88	80	73	46	46	48	20	32	11	14	12	511
7	109	122	179	294	360	447	554	597	566	508	334	235	155	87	66	38	16	14	6	130
8	147	160	258	319	433	531	623	567	540	400	345	194	156	81	62	36	23	12	16	55
9	1200	22	44	24	28	31	22	17	24	10	14	6	2	7	7	2	1	0	1	2
10	9	1	0	0	0	1	0	0	1	1	0	0	0	0	0	1	1	0	0	0
11	0	0	0	0	0	0	0	0	0	0	0	0	0	0	0	0	0	0	0	0
12	0	0	0	0	0	0	0	0	0	0	0	0	0	0	0	0	0	0	0	0
13	0	0	0	0	0	0	0	0	0	0	0	0	0	0	0	0	0	0	0	0
14	1967	325	236	140	109	83	63	41	30	21	8	16	14	13	3	10	8	3	3	161
15	325	200	366	467	509	540	553	457	346	268	182	120	81	57	40	31	33	29	17	155
16	382	176	309	391	506	529	541	459	393	278	188	125	80	49	44	14	9	4	4	1
17	1080	57	81	81	86	70	72	74	70	39	21	31	6	10	10	8	3	1	0	25
18	125	10	5	10	18	19	13	19	13	6	9	2	4	0	0	1	1	0	1	0
19	12	0	0	0	0	1	1	4	1	0	1	0	0	0	0	0	1	0	0	0
20	3	0	0	0	0	0	1	1	0	1	0	0	0	0	0	0	0	0	0	0
21	1	0	0	0	0	0	0	0	0	0	0	0	0	0	0	0	0	0	0	0
22	0	0	0	0	0	0	0	0	0	0	0	0	0	0	0	0	0	0	0	0
23	0	0	0	0	0	0	0	0	0	0	0	0	0	0	0	0	0	0	0	0
daily	1	2	43	216	675	1175	1360	954	391	127	37	9	7	1	2	0	0	0	0	0

Vehicle Wait Ratio
hour	0.00+	0.05+	0.10+	0.15+	0.20+	0.25+	0.30+	0.35+	0.40+	0.45+	0.50+	0.55+	0.60+	0.65+	0.70+	0.75+	0.80+	0.85+	0.90+	0.95+
0	0	0	0	0	0	0	0	0	0	0	0	0	0	0	0	0	0	0	0	5000
1	0	0	0	0	0	0	0	0	0	0	0	0	0	0	0	0	0	0	0	5000
2	0	0	0	0	0	0	0	0	0	0	0	0	0	0	0	0	0	0	0	5000
3	0	0	0	0	0	0	0	0	0	0	0	0	0	0	0	0	0	0	0	5000
4	0	0	0	0	0	0	0	0	0	0	0	0	0	0	0	0	0	0	0	5000
5	0	0	0	0	0	0	0	0	0	0	0	0	0	0	0	0	0	0	0	5000
6	0	0	0	0	0	0	0	0	0	0	28	108	206	356	477	569	572	505	378	1801
7	1465	450	467	366	373	304	239	200	211	177	118	118	59	42	45	26	52	33	31	224
8	1249	466	474	452	472	481	410	372	302	86	94	36	24	14	14	9	3	0	0	42
9	4	2	3	5	7	7	9	20	21	31	35	54	71	94	108	143	192	240	234	3720
10	0	0	0	0	0	0	0	1	0	0	0	0	0	4	2	2	0	2	2	4987
11	0	0	0	0	0	0	0	0	0	0	0	0	0	0	0	0	0	0	0	5000
12	0	0	0	0	0	0	0	0	0	0	0	0	0	0	0	0	0	0	0	5000
13	0	0	0	0	0	0	0	0	0	0	0	0	0	0	0	0	0	0	0	5000
14	0	0	0	0	2	2	5	12	15	30	62	114	191	241	390	486	561	561	380	1948
15	435	230	379	397	428	407	348	303	306	234	235	201	184	190	151	110	69	57	71	265
16	1172	454	405	375	334	245	257	231	171	145	128	107	99	60	75	53	51	52	48	538
17	66	44	32	32	30	39	49	62	59	53	74	98	106	116	120	142	144	190	212	3332
18	5	4	5	3	7	9	8	14	21	16	19	11	20	19	12	16	19	20	16	4756
19	0	0	0	0	0	0	1	0	0	1	1	1	3	3	0	2	2	2	4	4980
20	0	0	0	0	0	0	0	0	0	0	0	1	2	1	0	0	1	0	0	4995
21	0	0	0	0	0	0	0	0	0	0	0	0	0	0	0	0	0	0	1	4999
22	0	0	0	0	0	0	0	0	0	0	0	0	0	0	0	0	0	0	0	5000
23	0	0	0	0	0	0	0	0	0	0	0	0	0	0	0	0	0	0	0	5000
daily	0	0	0	0	0	0	0	0	0	0	0	0	0	0	2	113	1727	2628	487	43

Vehicle Wait Ratio Counts
hour	0.00+	0.01+	0.25+	0.50+	0.75+	1.00+
0	0	0	0	0	0	5000
1	0	0	0	0	0	5000
2	0	0	0	0	0	5000
3	0	0	0	0	0	5000
4	0	0	0	0	0	5000
5	0	0	0	0	0	5000
6	0	0	0	1175	2280	1545
7	820	2301	1131	382	183	183
8	790	2323	1651	182	12	42
9	3	18	88	362	1101	3428
10	0	0	1	6	11	4982
11	0	0	0	0	0	5000
12	0	0	0	0	0	5000
13	0	0	0	0	0	5000
14	0	2	64	998	2295	1641
15	137	1732	1598	961	353	219
16	425	2315	1049	469	239	503
17	24	180	262	514	916	3104
18	0	24	68	81	86	4741
19	0	0	2	8	13	4977
20	0	0	0	4	2	4994
21	0	0	0	0	1	4999
22	0	0	0	0	0	5000
23	0	0	0	0	0	5000
daily	0	0	0	2	4998	0

