Passenger Wait Time [s]
hour	n	avg	sd		min	2%ile	5%ile	25%ile	50%ile	75%ile	95%ile	98%ile	max
0	0	NaN	NaN		NaN	NaN	NaN	NaN	NaN	NaN	NaN	NaN	NaN
1	0	NaN	NaN		NaN	NaN	NaN	NaN	NaN	NaN	NaN	NaN	NaN
2	0	NaN	NaN		NaN	NaN	NaN	NaN	NaN	NaN	NaN	NaN	NaN
3	0	NaN	NaN		NaN	NaN	NaN	NaN	NaN	NaN	NaN	NaN	NaN
4	0	NaN	NaN		NaN	NaN	NaN	NaN	NaN	NaN	NaN	NaN	NaN
5	0	NaN	NaN		NaN	NaN	NaN	NaN	NaN	NaN	NaN	NaN	NaN
6	4219	129.4	148.8		2	2	2	28	70	177	443	590	966
7	11061	432.0	287.6		2	7	61	203	376	619	970	1115	2546
8	7174	550.5	394.1		2	2	80	247	464	769	1313	1580	2877
9	191	307.9	199.9		2	2	2	174	223	496	711	742	834
10	4	592.5	172.6		443	443	443	443	593	742	742	742	742
11	0	NaN	NaN		NaN	NaN	NaN	NaN	NaN	NaN	NaN	NaN	NaN
12	0	NaN	NaN		NaN	NaN	NaN	NaN	NaN	NaN	NaN	NaN	NaN
13	0	NaN	NaN		NaN	NaN	NaN	NaN	NaN	NaN	NaN	NaN	NaN
14	3864	40.8	68.5		2	2	2	2	2	57	169	260	531
15	10471	313.9	278.5		2	2	2	120	237	427	880	1077	1742
16	7287	404.8	330.3		2	2	41	167	316	559	1046	1385	2139
17	891	417.2	218.6		2	2	79	260	415	527	717	1195	1347
18	122	445.4	183.0		2	258	258	376	415	506	690	1351	1360
19	11	419.6	23.4		381	381	381	397	434	434	440	440	440
20	3	448.0	13.9		440	440	440	440	440	464	464	464	464
21	0	NaN	NaN		NaN	NaN	NaN	NaN	NaN	NaN	NaN	NaN	NaN
22	0	NaN	NaN		NaN	NaN	NaN	NaN	NaN	NaN	NaN	NaN	NaN
23	0	NaN	NaN		NaN	NaN	NaN	NaN	NaN	NaN	NaN	NaN	NaN
daily	45298	356.8	324.8		2	2	2	112	271	517	981	1236	2877

Vehicle Empty Drive Ratio
hour	fleetAvg	avg	sd		min	2%ile	5%ile	25%ile	50%ile	75%ile	95%ile	98%ile	max
0	NaN	NaN	NaN		NaN	NaN	NaN	NaN	NaN	NaN	NaN	NaN	NaN
1	NaN	NaN	NaN		NaN	NaN	NaN	NaN	NaN	NaN	NaN	NaN	NaN
2	NaN	NaN	NaN		NaN	NaN	NaN	NaN	NaN	NaN	NaN	NaN	NaN
3	NaN	NaN	NaN		NaN	NaN	NaN	NaN	NaN	NaN	NaN	NaN	NaN
4	NaN	NaN	NaN		NaN	NaN	NaN	NaN	NaN	NaN	NaN	NaN	NaN
5	NaN	NaN	NaN		NaN	NaN	NaN	NaN	NaN	NaN	NaN	NaN	NaN
6	0.2032	0.3171	0.3398		0.000	0.000	0.000	0.057	0.172	0.469	1.000	1.000	1.000
7	0.3645	0.3898	0.1905		0.000	0.044	0.103	0.268	0.378	0.487	0.718	1.000	1.000
8	0.3569	0.3622	0.1814		0.000	0.019	0.081	0.242	0.351	0.468	0.667	0.811	1.000
9	0.0851	0.0562	0.1436		0.000	0.000	0.000	0.000	0.000	0.000	0.413	0.547	1.000
10	0.2808	0.1869	0.2910		0.000	0.000	0.000	0.000	0.000	0.412	0.813	0.813	0.813
11	NaN	NaN	NaN		NaN	NaN	NaN	NaN	NaN	NaN	NaN	NaN	NaN
12	NaN	NaN	NaN		NaN	NaN	NaN	NaN	NaN	NaN	NaN	NaN	NaN
13	NaN	NaN	NaN		NaN	NaN	NaN	NaN	NaN	NaN	NaN	NaN	NaN
14	0.0696	0.1243	0.2422		0.000	0.000	0.000	0.000	0.000	0.130	0.929	1.000	1.000
15	0.3035	0.3273	0.2157		0.000	0.000	0.000	0.182	0.298	0.426	0.793	1.000	1.000
16	0.3142	0.2988	0.1695		0.000	0.000	0.000	0.184	0.295	0.407	0.587	0.688	0.965
17	0.2009	0.1361	0.2091		0.000	0.000	0.000	0.000	0.000	0.241	0.553	0.762	1.000
18	0.2164	0.1685	0.1987		0.000	0.000	0.000	0.000	0.065	0.316	0.520	0.623	0.941
19	0.2657	0.1843	0.2376		0.000	0.000	0.000	0.000	0.000	0.373	0.793	0.825	0.825
20	0.2486	0.1977	0.2211		0.000	0.000	0.000	0.000	0.165	0.406	0.471	0.471	0.471
21	0.0000	0.0000	0.0000		0.000	0.000	0.000	0.000	0.000	0.000	0.000	0.000	0.000
22	NaN	NaN	NaN		NaN	NaN	NaN	NaN	NaN	NaN	NaN	NaN	NaN
23	NaN	NaN	NaN		NaN	NaN	NaN	NaN	NaN	NaN	NaN	NaN	NaN
daily	0.3112	0.3150	0.0741		0.029	0.166	0.199	0.264	0.314	0.363	0.437	0.477	0.727

Vehicle Wait Ratio
hour	fleetAvg	avg	sd		min	2%ile	5%ile	25%ile	50%ile	75%ile	95%ile	98%ile	max
0	1.0000	1.0000	0.0000		1.000	1.000	1.000	1.000	1.000	1.000	1.000	1.000	1.000
1	1.0000	1.0000	0.0000		1.000	1.000	1.000	1.000	1.000	1.000	1.000	1.000	1.000
2	1.0000	1.0000	0.0000		1.000	1.000	1.000	1.000	1.000	1.000	1.000	1.000	1.000
3	1.0000	1.0000	0.0000		1.000	1.000	1.000	1.000	1.000	1.000	1.000	1.000	1.000
4	1.0000	1.0000	0.0000		1.000	1.000	1.000	1.000	1.000	1.000	1.000	1.000	1.000
5	1.0000	1.0000	0.0000		1.000	1.000	1.000	1.000	1.000	1.000	1.000	1.000	1.000
6	0.8581	0.8581	0.1298		0.508	0.586	0.629	0.757	0.864	1.000	1.000	1.000	1.000
7	0.2478	0.2478	0.2641		0.000	0.001	0.002	0.031	0.167	0.370	0.913	1.000	1.000
8	0.2046	0.2046	0.1755		0.000	0.000	0.001	0.050	0.186	0.320	0.488	0.608	1.000
9	0.9367	0.9367	0.1347		0.000	0.479	0.638	0.945	1.000	1.000	1.000	1.000	1.000
10	0.9993	0.9993	0.0149		0.388	1.000	1.000	1.000	1.000	1.000	1.000	1.000	1.000
11	1.0000	1.0000	0.0000		1.000	1.000	1.000	1.000	1.000	1.000	1.000	1.000	1.000
12	1.0000	1.0000	0.0000		1.000	1.000	1.000	1.000	1.000	1.000	1.000	1.000	1.000
13	1.0000	1.0000	0.0000		1.000	1.000	1.000	1.000	1.000	1.000	1.000	1.000	1.000
14	0.8627	0.8627	0.1393		0.228	0.529	0.603	0.772	0.884	1.000	1.000	1.000	1.000
15	0.3865	0.3865	0.2690		0.000	0.008	0.023	0.179	0.331	0.562	0.973	1.000	1.000
16	0.3239	0.3239	0.3205		0.000	0.002	0.006	0.059	0.215	0.484	1.000	1.000	1.000
17	0.8733	0.8733	0.2333		0.001	0.090	0.313	0.844	1.000	1.000	1.000	1.000	1.000
18	0.9792	0.9792	0.1051		0.021	0.527	0.962	1.000	1.000	1.000	1.000	1.000	1.000
19	0.9989	0.9989	0.0205		0.332	1.000	1.000	1.000	1.000	1.000	1.000	1.000	1.000
20	0.9997	0.9997	0.0108		0.578	1.000	1.000	1.000	1.000	1.000	1.000	1.000	1.000
21	1.0000	1.0000	0.0011		0.925	1.000	1.000	1.000	1.000	1.000	1.000	1.000	1.000
22	1.0000	1.0000	0.0000		1.000	1.000	1.000	1.000	1.000	1.000	1.000	1.000	1.000
23	1.0000	1.0000	0.0000		1.000	1.000	1.000	1.000	1.000	1.000	1.000	1.000	1.000
daily	0.8613	0.8613	0.0311		0.749	0.798	0.812	0.841	0.860	0.881	0.914	0.928	0.977

Total duration of tasks by type [h]
hour	EMPTY_DRIVE	PICKUP	OCCUPIED_DRIVE	DROPOFF	STAY	all
0	0.00	0.00	0.00	0.00	5000.00	5000.00
1	0.00	0.00	0.00	0.00	5000.00	5000.00
2	0.00	0.00	0.00	0.00	5000.00	5000.00
3	0.00	0.00	0.00	0.00	5000.00	5000.00
4	0.00	0.00	0.00	0.00	5000.00	5000.00
5	0.00	0.00	0.00	0.00	5000.00	5000.00
6	115.41	115.04	452.67	26.48	4290.40	5000.00
7	1191.87	334.94	2077.93	156.02	1239.24	5000.00
8	1254.88	293.41	2260.73	168.19	1022.79	5000.00
9	23.69	11.35	254.73	26.51	4683.72	5000.00
10	0.81	0.23	2.09	0.28	4996.59	5000.00
11	0.00	0.00	0.00	0.00	5000.00	5000.00
12	0.00	0.00	0.00	0.00	5000.00	5000.00
13	0.00	0.00	0.00	0.00	5000.00	5000.00
14	37.12	119.04	495.79	34.37	4313.68	5000.00
15	793.20	312.13	1820.21	141.92	1932.54	5000.00
16	924.90	280.09	2018.90	156.85	1619.27	5000.00
17	112.10	37.06	445.80	38.30	4366.73	5000.00
18	19.91	6.15	72.10	5.60	4896.24	5000.00
19	1.29	0.40	3.57	0.35	4994.39	5000.00
20	0.37	0.10	1.13	0.08	4998.32	5000.00
21	0.00	0.00	0.06	0.02	4999.93	5000.00
22	0.00	0.00	0.00	0.00	5000.00	5000.00
23	0.00	0.00	0.00	0.00	5000.00	5000.00
daily	4475.57	1509.93	9905.69	754.97	103353.83	120000.00

