pattern	0+	5+	10+	15+	20+	25+	30+	35+	40+	45+	50+	55+	60+
TaxiPickup---TaxiDropoff	6894	14093	9627	6292	4003	2192	960	776	242	167	42	10	0
TaxiStay---TaxiPickup	22741	11726	4046	938	156	19	0	0	0	0	0	0	0
home---taxi interaction	12809	3818	1787	1221	1014	547	301	275	250	227	154	131	115
home---work	10	21	24	14	15	4	6	6	0	0	0	0	3
taxi interaction---home	12809	3818	1787	1221	1014	547	301	275	250	227	154	131	115
taxi interaction---taxi interaction	277	4960	10096	9728	7337	5513	3547	1779	1113	484	271	131	62
taxi interaction---work	8428	6182	2576	1454	721	471	268	387	395	230	172	126	1239
work---home	10	21	24	14	15	4	6	6	0	0	0	0	3
work---taxi interaction	8428	6182	2576	1454	721	471	268	387	395	230	172	126	1239

average trip duration: 762.9696684522947 seconds = 00:12:42
