Passenger Wait Time [s]
hour	n	avg	sd		min	2%ile	5%ile	25%ile	50%ile	75%ile	95%ile	98%ile	max
0	0	NaN	NaN		NaN	NaN	NaN	NaN	NaN	NaN	NaN	NaN	NaN
1	0	NaN	NaN		NaN	NaN	NaN	NaN	NaN	NaN	NaN	NaN	NaN
2	0	NaN	NaN		NaN	NaN	NaN	NaN	NaN	NaN	NaN	NaN	NaN
3	0	NaN	NaN		NaN	NaN	NaN	NaN	NaN	NaN	NaN	NaN	NaN
4	0	NaN	NaN		NaN	NaN	NaN	NaN	NaN	NaN	NaN	NaN	NaN
5	0	NaN	NaN		NaN	NaN	NaN	NaN	NaN	NaN	NaN	NaN	NaN
6	4298	81.0	107.5		2	2	2	2	48	110	310	442	1044
7	10953	345.5	259.3		2	2	2	142	289	501	857	987	1345
8	7108	378.6	265.5		2	2	52	176	325	525	914	1049	1538
9	285	282.9	205.8		2	2	2	150	217	486	619	834	1013
10	5	659.0	197.2		443	443	443	443	803	803	803	803	803
11	0	NaN	NaN		NaN	NaN	NaN	NaN	NaN	NaN	NaN	NaN	NaN
12	0	NaN	NaN		NaN	NaN	NaN	NaN	NaN	NaN	NaN	NaN	NaN
13	35	23.7	59.4		2	2	2	2	2	20	161	329	329
14	4014	65.3	97.8		2	2	2	2	26	99	242	346	710
15	10312	262.5	217.5		2	2	2	110	217	366	684	813	1506
16	7106	321.0	246.8		2	2	2	143	260	433	774	957	1620
17	1037	308.5	195.3		2	2	2	156	341	424	634	720	1341
18	132	427.8	186.8		2	2	258	376	414	497	535	1360	1360
19	8	429.4	13.1		397	397	397	434	434	434	434	434	434
20	5	423.4	23.7		381	381	381	408	434	434	434	434	434
21	0	NaN	NaN		NaN	NaN	NaN	NaN	NaN	NaN	NaN	NaN	NaN
22	0	NaN	NaN		NaN	NaN	NaN	NaN	NaN	NaN	NaN	NaN	NaN
23	0	NaN	NaN		NaN	NaN	NaN	NaN	NaN	NaN	NaN	NaN	NaN
daily	45298	276.9	248.4		2	2	2	88	213	413	772	940	1620

Vehicle Empty Drive Ratio
hour	fleetAvg	avg	sd		min	2%ile	5%ile	25%ile	50%ile	75%ile	95%ile	98%ile	max
0	NaN	NaN	NaN		NaN	NaN	NaN	NaN	NaN	NaN	NaN	NaN	NaN
1	NaN	NaN	NaN		NaN	NaN	NaN	NaN	NaN	NaN	NaN	NaN	NaN
2	NaN	NaN	NaN		NaN	NaN	NaN	NaN	NaN	NaN	NaN	NaN	NaN
3	NaN	NaN	NaN		NaN	NaN	NaN	NaN	NaN	NaN	NaN	NaN	NaN
4	NaN	NaN	NaN		NaN	NaN	NaN	NaN	NaN	NaN	NaN	NaN	NaN
5	NaN	NaN	NaN		NaN	NaN	NaN	NaN	NaN	NaN	NaN	NaN	NaN
6	0.1356	0.2268	0.3055		0.000	0.000	0.000	0.006	0.105	0.276	1.000	1.000	1.000
7	0.3131	0.3260	0.1866		0.000	0.000	0.042	0.196	0.313	0.433	0.643	0.804	1.000
8	0.2931	0.2905	0.1582		0.000	0.000	0.000	0.182	0.293	0.396	0.552	0.620	1.000
9	0.1013	0.0724	0.1529		0.000	0.000	0.000	0.000	0.000	0.047	0.428	0.555	1.000
10	0.2937	0.2176	0.3018		0.000	0.000	0.000	0.000	0.015	0.472	0.802	0.804	0.804
11	NaN	NaN	NaN		NaN	NaN	NaN	NaN	NaN	NaN	NaN	NaN	NaN
12	NaN	NaN	NaN		NaN	NaN	NaN	NaN	NaN	NaN	NaN	NaN	NaN
13	0.0546	0.2054	0.3877		0.000	0.000	0.000	0.000	0.000	0.119	1.000	1.000	1.000
14	0.1102	0.1476	0.2358		0.000	0.000	0.000	0.000	0.056	0.189	0.781	1.000	1.000
15	0.2681	0.2733	0.1752		0.000	0.000	0.000	0.153	0.261	0.371	0.563	0.692	1.000
16	0.2671	0.2474	0.1539		0.000	0.000	0.000	0.140	0.252	0.352	0.486	0.558	1.000
17	0.1759	0.1198	0.1699		0.000	0.000	0.000	0.000	0.000	0.223	0.444	0.550	1.000
18	0.2152	0.1438	0.1875		0.000	0.000	0.000	0.000	0.000	0.286	0.487	0.597	1.000
19	0.1835	0.1214	0.1695		0.000	0.000	0.000	0.000	0.000	0.284	0.437	0.443	0.443
20	0.3278	0.2979	0.1661		0.000	0.000	0.000	0.165	0.362	0.399	0.467	0.467	0.467
21	0.0000	0.0000	0.0000		0.000	0.000	0.000	0.000	0.000	0.000	0.000	0.000	0.000
22	NaN	NaN	NaN		NaN	NaN	NaN	NaN	NaN	NaN	NaN	NaN	NaN
23	NaN	NaN	NaN		NaN	NaN	NaN	NaN	NaN	NaN	NaN	NaN	NaN
daily	0.2630	0.2611	0.0696		0.000	0.099	0.140	0.217	0.267	0.308	0.369	0.393	0.487

Vehicle Wait Ratio
hour	fleetAvg	avg	sd		min	2%ile	5%ile	25%ile	50%ile	75%ile	95%ile	98%ile	max
0	1.0000	1.0000	0.0000		1.000	1.000	1.000	1.000	1.000	1.000	1.000	1.000	1.000
1	1.0000	1.0000	0.0000		1.000	1.000	1.000	1.000	1.000	1.000	1.000	1.000	1.000
2	1.0000	1.0000	0.0000		1.000	1.000	1.000	1.000	1.000	1.000	1.000	1.000	1.000
3	1.0000	1.0000	0.0000		1.000	1.000	1.000	1.000	1.000	1.000	1.000	1.000	1.000
4	1.0000	1.0000	0.0000		1.000	1.000	1.000	1.000	1.000	1.000	1.000	1.000	1.000
5	1.0000	1.0000	0.0000		1.000	1.000	1.000	1.000	1.000	1.000	1.000	1.000	1.000
6	0.8477	0.8477	0.1560		0.164	0.470	0.560	0.743	0.875	1.000	1.000	1.000	1.000
7	0.3122	0.3122	0.2277		0.000	0.003	0.006	0.120	0.289	0.467	0.731	0.814	1.000
8	0.3098	0.3098	0.2562		0.000	0.002	0.006	0.114	0.256	0.443	0.911	1.000	1.000
9	0.9423	0.9423	0.1362		0.024	0.467	0.625	0.996	1.000	1.000	1.000	1.000	1.000
10	0.9989	0.9989	0.0201		0.410	1.000	1.000	1.000	1.000	1.000	1.000	1.000	1.000
11	1.0000	1.0000	0.0000		1.000	1.000	1.000	1.000	1.000	1.000	1.000	1.000	1.000
12	1.0000	1.0000	0.0000		1.000	1.000	1.000	1.000	1.000	1.000	1.000	1.000	1.000
13	0.9993	0.9993	0.0112		0.702	1.000	1.000	1.000	1.000	1.000	1.000	1.000	1.000
14	0.8515	0.8515	0.1651		0.131	0.441	0.536	0.743	0.891	1.000	1.000	1.000	1.000
15	0.3978	0.3978	0.2973		0.001	0.005	0.013	0.148	0.348	0.585	1.000	1.000	1.000
16	0.4014	0.4014	0.3478		0.000	0.003	0.009	0.084	0.307	0.670	1.000	1.000	1.000
17	0.8683	0.8683	0.2324		0.001	0.104	0.330	0.813	1.000	1.000	1.000	1.000	1.000
18	0.9811	0.9811	0.0995		0.019	0.561	0.971	1.000	1.000	1.000	1.000	1.000	1.000
19	0.9986	0.9986	0.0234		0.359	1.000	1.000	1.000	1.000	1.000	1.000	1.000	1.000
20	0.9996	0.9996	0.0130		0.404	1.000	1.000	1.000	1.000	1.000	1.000	1.000	1.000
21	1.0000	1.0000	0.0019		0.864	1.000	1.000	1.000	1.000	1.000	1.000	1.000	1.000
22	1.0000	1.0000	0.0000		1.000	1.000	1.000	1.000	1.000	1.000	1.000	1.000	1.000
23	1.0000	1.0000	0.0000		1.000	1.000	1.000	1.000	1.000	1.000	1.000	1.000	1.000
daily	0.8712	0.8712	0.0317		0.770	0.806	0.819	0.850	0.871	0.893	0.923	0.935	0.967

Total duration of tasks by type [h]
hour	EMPTY_DRIVE	PICKUP	OCCUPIED_DRIVE	DROPOFF	STAY	all
0	0.00	0.00	0.00	0.00	5000.00	5000.00
1	0.00	0.00	0.00	0.00	5000.00	5000.00
2	0.00	0.00	0.00	0.00	5000.00	5000.00
3	0.00	0.00	0.00	0.00	5000.00	5000.00
4	0.00	0.00	0.00	0.00	5000.00	5000.00
5	0.00	0.00	0.00	0.00	5000.00	5000.00
6	81.96	125.69	522.53	31.13	4238.70	5000.00
7	925.83	327.00	2031.24	155.16	1560.77	5000.00
8	877.21	289.35	2115.98	168.58	1548.88	5000.00
9	25.70	12.60	228.09	22.28	4711.33	5000.00
10	1.35	0.33	3.26	0.34	4994.72	5000.00
11	0.00	0.00	0.00	0.00	5000.00	5000.00
12	0.00	0.00	0.00	0.00	5000.00	5000.00
13	0.15	0.96	2.53	0.07	4996.30	5000.00
14	64.31	122.22	519.48	36.54	4257.45	5000.00
15	683.52	318.01	1866.07	143.64	1988.76	5000.00
16	688.80	263.65	1889.62	150.72	2007.21	5000.00
17	101.01	43.95	473.22	40.47	4341.35	5000.00
18	17.99	5.61	65.61	5.47	4905.32	5000.00
19	1.16	0.40	5.16	0.46	4992.81	5000.00
20	0.59	0.17	1.20	0.08	4997.96	5000.00
21	0.00	0.00	0.12	0.02	4999.86	5000.00
22	0.00	0.00	0.00	0.00	5000.00	5000.00
23	0.00	0.00	0.00	0.00	5000.00	5000.00
daily	3469.57	1509.93	9724.10	754.97	104541.42	120000.00

