Passenger Wait Time [min]
hour	0.00+	2.50+	5.00+	7.50+	10.00+	12.50+	15.00+	17.50+	20.00+	22.50+	25.00+	27.50+	30.00+	32.50+	35.00+	37.50+	40.00+	42.50+	45.00+	47.50+	50.00+	52.50+	55.00+	57.50+	60.00+
0	0	0	0	0	0	0	0	0	0	0	0	0	0	0	0	0	0	0	0	0	0	0	0	0	0
1	0	0	0	0	0	0	0	0	0	0	0	0	0	0	0	0	0	0	0	0	0	0	0	0	0
2	0	0	0	0	0	0	0	0	0	0	0	0	0	0	0	0	0	0	0	0	0	0	0	0	0
3	0	0	0	0	0	0	0	0	0	0	0	0	0	0	0	0	0	0	0	0	0	0	0	0	0
4	0	0	0	0	0	0	0	0	0	0	0	0	0	0	0	0	0	0	0	0	0	0	0	0	0
5	0	0	0	0	0	0	0	0	0	0	0	0	0	0	0	0	0	0	0	0	0	0	0	0	0
6	3642	422	152	69	10	0	3	0	0	0	0	0	0	0	0	0	0	0	0	0	0	0	0	0	0
7	2873	2777	2002	1404	897	580	297	106	17	0	0	0	0	0	0	0	0	0	0	0	0	0	0	0	0
8	1385	1913	1456	1021	597	348	248	86	31	21	2	0	0	0	0	0	0	0	0	0	0	0	0	0	0
9	71	112	21	65	6	9	1	0	0	0	0	0	0	0	0	0	0	0	0	0	0	0	0	0	0
10	0	0	2	0	0	3	0	0	0	0	0	0	0	0	0	0	0	0	0	0	0	0	0	0	0
11	0	0	0	0	0	0	0	0	0	0	0	0	0	0	0	0	0	0	0	0	0	0	0	0	0
12	0	0	0	0	0	0	0	0	0	0	0	0	0	0	0	0	0	0	0	0	0	0	0	0	0
13	34	0	1	0	0	0	0	0	0	0	0	0	0	0	0	0	0	0	0	0	0	0	0	0	0
14	3500	392	73	23	26	0	0	0	0	0	0	0	0	0	0	0	0	0	0	0	0	0	0	0	0
15	3509	3234	1875	799	564	214	64	15	7	30	1	0	0	0	0	0	0	0	0	0	0	0	0	0	0
16	1859	2109	1476	723	534	220	105	18	14	32	16	0	0	0	0	0	0	0	0	0	0	0	0	0	0
17	252	243	329	153	49	9	1	0	1	0	0	0	0	0	0	0	0	0	0	0	0	0	0	0	0
18	4	17	75	32	0	0	1	0	0	3	0	0	0	0	0	0	0	0	0	0	0	0	0	0	0
19	0	0	8	0	0	0	0	0	0	0	0	0	0	0	0	0	0	0	0	0	0	0	0	0	0
20	0	0	5	0	0	0	0	0	0	0	0	0	0	0	0	0	0	0	0	0	0	0	0	0	0
21	0	0	0	0	0	0	0	0	0	0	0	0	0	0	0	0	0	0	0	0	0	0	0	0	0
22	0	0	0	0	0	0	0	0	0	0	0	0	0	0	0	0	0	0	0	0	0	0	0	0	0
23	0	0	0	0	0	0	0	0	0	0	0	0	0	0	0	0	0	0	0	0	0	0	0	0	0
daily	17129	11219	7475	4289	2683	1383	720	225	70	86	19	0	0	0	0	0	0	0	0	0	0	0	0	0	0

Vehicle Empty Drive Ratio
hour	0.00+	0.05+	0.10+	0.15+	0.20+	0.25+	0.30+	0.35+	0.40+	0.45+	0.50+	0.55+	0.60+	0.65+	0.70+	0.75+	0.80+	0.85+	0.90+	0.95+
0	0	0	0	0	0	0	0	0	0	0	0	0	0	0	0	0	0	0	0	0
1	0	0	0	0	0	0	0	0	0	0	0	0	0	0	0	0	0	0	0	0
2	0	0	0	0	0	0	0	0	0	0	0	0	0	0	0	0	0	0	0	0
3	0	0	0	0	0	0	0	0	0	0	0	0	0	0	0	0	0	0	0	0
4	0	0	0	0	0	0	0	0	0	0	0	0	0	0	0	0	0	0	0	0
5	0	0	0	0	0	0	0	0	0	0	0	0	0	0	0	0	0	0	0	0
6	1166	422	370	247	181	140	106	77	56	36	30	27	22	23	11	7	16	7	10	329
7	272	231	330	445	498	556	566	538	435	346	253	180	95	69	38	24	23	12	4	63
8	372	241	314	437	529	577	624	539	434	308	166	117	61	26	17	5	5	4	0	7
9	900	30	46	36	29	35	29	26	18	9	15	5	2	8	4	2	2	0	0	1
10	11	1	1	0	0	1	0	0	1	1	0	1	0	0	0	2	1	0	0	0
11	0	0	0	0	0	0	0	0	0	0	0	0	0	0	0	0	0	0	0	0
12	0	0	0	0	0	0	0	0	0	0	0	0	0	0	0	0	0	0	0	0
13	23	0	1	0	0	1	0	0	0	0	0	0	0	0	0	0	1	0	0	5
14	1441	292	304	215	151	125	83	54	36	38	19	11	10	11	6	9	7	3	4	130
15	458	255	399	487	547	569	519	415	312	210	146	75	58	36	22	8	5	7	5	39
16	586	209	342	437	541	584	493	449	287	170	86	35	28	9	4	5	2	0	1	8
17	1067	99	76	116	104	91	87	92	59	29	22	12	9	3	4	1	1	0	3	4
18	146	2	4	11	17	19	17	15	10	9	1	5	1	0	1	0	0	0	0	1
19	17	0	0	2	0	2	1	2	3	0	0	0	0	0	0	0	0	0	0	0
20	1	0	0	0	1	0	0	3	0	1	0	0	0	0	0	0	0	0	0	0
21	1	0	0	0	0	0	0	0	0	0	0	0	0	0	0	0	0	0	0	0
22	0	0	0	0	0	0	0	0	0	0	0	0	0	0	0	0	0	0	0	0
23	0	0	0	0	0	0	0	0	0	0	0	0	0	0	0	0	0	0	0	0
daily	14	86	223	589	1129	1491	1019	379	65	5	0	0	0	0	0	0	0	0	0	0

Vehicle Wait Ratio
hour	0.00+	0.05+	0.10+	0.15+	0.20+	0.25+	0.30+	0.35+	0.40+	0.45+	0.50+	0.55+	0.60+	0.65+	0.70+	0.75+	0.80+	0.85+	0.90+	0.95+
0	0	0	0	0	0	0	0	0	0	0	0	0	0	0	0	0	0	0	0	5000
1	0	0	0	0	0	0	0	0	0	0	0	0	0	0	0	0	0	0	0	5000
2	0	0	0	0	0	0	0	0	0	0	0	0	0	0	0	0	0	0	0	5000
3	0	0	0	0	0	0	0	0	0	0	0	0	0	0	0	0	0	0	0	5000
4	0	0	0	0	0	0	0	0	0	0	0	0	0	0	0	0	0	0	0	5000
5	0	0	0	0	0	0	0	0	0	0	0	0	0	0	0	0	0	0	0	5000
6	0	0	0	2	1	4	10	16	42	62	91	155	246	307	354	531	468	414	334	1963
7	754	344	385	407	341	356	351	326	409	244	241	208	214	108	110	80	69	17	9	27
8	775	350	461	423	445	409	355	292	274	248	193	149	101	79	63	51	31	33	39	229
9	1	3	3	2	6	11	23	20	24	32	46	44	64	85	108	127	127	152	180	3942
10	0	0	0	0	0	0	0	0	1	1	1	2	0	4	3	0	1	2	1	4984
11	0	0	0	0	0	0	0	0	0	0	0	0	0	0	0	0	0	0	0	5000
12	0	0	0	0	0	0	0	0	0	0	0	0	0	0	0	0	0	0	0	5000
13	0	0	0	0	0	0	0	0	0	0	0	0	0	0	3	4	4	4	10	4975
14	0	0	1	3	1	11	20	26	49	58	124	172	199	277	367	429	441	384	243	2195
15	610	340	318	318	288	280	362	311	255	251	268	206	165	152	136	122	69	48	47	454
16	938	436	343	240	256	244	250	199	200	168	147	128	134	132	117	73	90	88	56	761
17	74	25	29	28	39	33	49	59	64	71	94	106	107	108	130	193	177	175	189	3250
18	1	5	6	0	10	6	13	13	16	10	15	17	10	17	16	17	19	12	36	4761
19	0	0	0	0	0	0	0	1	1	1	1	2	2	5	3	0	0	4	4	4976
20	0	0	0	0	0	0	0	0	1	0	0	0	3	1	0	0	0	0	1	4994
21	0	0	0	0	0	0	0	0	0	0	0	0	0	0	0	0	0	1	0	4999
22	0	0	0	0	0	0	0	0	0	0	0	0	0	0	0	0	0	0	0	5000
23	0	0	0	0	0	0	0	0	0	0	0	0	0	0	0	0	0	0	0	5000
daily	0	0	0	0	0	0	0	0	0	0	0	0	0	0	0	61	1208	2777	934	20

Vehicle Wait Ratio Counts
hour	0.00+	0.01+	0.25+	0.50+	0.75+	1.00+
0	0	0	0	0	0	5000
1	0	0	0	0	0	5000
2	0	0	0	0	0	5000
3	0	0	0	0	0	5000
4	0	0	0	0	0	5000
5	0	0	0	0	0	5000
6	0	3	134	1153	2049	1661
7	322	1909	1686	881	182	20
8	347	2107	1578	585	169	214
9	0	15	110	347	796	3732
10	0	0	2	10	9	4979
11	0	0	0	0	0	5000
12	0	0	0	0	0	5000
13	0	0	0	3	32	4965
14	0	5	164	1139	1730	1962
15	194	1680	1459	927	323	417
16	273	1940	1061	658	358	710
17	18	177	276	545	921	3063
18	0	22	58	75	108	4737
19	0	0	3	13	12	4972
20	0	0	1	4	1	4994
21	0	0	0	0	1	4999
22	0	0	0	0	0	5000
23	0	0	0	0	0	5000
daily	0	0	0	0	5000	0

